7 0.5529296875 0.7837890624999999 0.2958984375 0.4107421875
6 0.718017578125 0.65458984375 0.33232421875 0.4236328125
6 0.8130859375 0.650341796875 0.3732421875 0.40908203125
1 0.23974609375 0.406396484375 0.40703125 0.23681640625
0 0.293505859375 0.469091796875 0.09892578125 0.07568359375
0 0.062109374999999994 0.4625 0.0552734375 0.0552734375
1 0.230615234375 0.37519531250000004 0.38095703125 0.151171875
1 0.137744140625 0.29116210937500003 0.06025390625 0.04658203125
1 0.163818359375 0.23564453125 0.02255859375 0.03671875
1 0.127587890625 0.1765625 0.12919921875 0.0654296875
1 0.286376953125 0.268994140625 0.23935546875 0.17822265625
1 0.255078125 0.1646484375 0.2646484375 0.08203125
1 0.26191406250000004 0.12802734375 0.253515625 0.1025390625
