7 0.056396484375 0.796337890625 0.11279296875 0.35908203125
7 0.0498046875 0.65927734375 0.08828125 0.0908203125
1 0.2142578125 0.740625 0.299609375 0.11015625
7 0.582861328125 0.77412109375 0.51220703125 0.4345703125
3 0.15922851562499998 0.48818359375 0.31513671875 0.31171875
7 0.53359375 0.51181640625 0.564453125 0.4044921875
5 0.642333984375 0.44926757812499996 0.12333984375 0.12822265625
5 0.475830078125 0.50576171875 0.17197265625 0.105859375
1 0.448388671875 0.562939453125 0.09658203125 0.03271484375
1 0.5202148437499999 0.539404296875 0.058203125 0.01884765625
0 0.467138671875 0.596044921875 0.25166015625 0.26806640625
7 0.3759765625 0.30224609375 0.5119140625 0.2408203125
