1 0.941943359375 0.771044921875 0.07568359375 0.01982421875
7 0.859814453125 0.760009765625 0.27978515625 0.02353515625
1 0.79189453125 0.75498046875 0.1392578125 0.012890625
7 0.824755859375 0.6890136718750001 0.34990234375 0.14736328125
1 0.8359375 0.745458984375 0.32734375 0.01416015625
1 0.835009765625 0.729150390625 0.32939453125 0.03623046875
7 0.838916015625 0.654150390625 0.32138671875 0.14208984375
7 0.721044921875 0.6185546875000001 0.04267578125 0.1185546875
7 0.756640625 0.619189453125 0.05625 0.12626953125
0 0.712158203125 0.355517578125 0.08369140625 0.05087890625
7 0.87265625 0.6388671875 0.251953125 0.152734375
0 0.7937988281249999 0.34619140625 0.09091796875 0.05703125
1 0.887255859375 0.62236328125 0.22490234375 0.179296875
1 0.93984375 0.5770019531249999 0.1197265625 0.26162109375
1 0.9365234375 0.443212890625 0.1216796875 0.18701171875
0 0.64765625 0.37373046875 0.055859375 0.0818359375
3 0.69228515625 0.493701171875 0.1015625 0.23037109375
5 0.74619140625 0.13330078125 0.211328125 0.116796875
0 0.483837890625 0.345947265625 0.08994140625 0.05654296875
1 0.933056640625 0.33583984375 0.13330078125 0.033203125
7 0.96953125 0.12216796875 0.06015625 0.2443359375
3 0.4921875 0.512060546875 0.0916015625 0.25029296875
1 0.98232421875 0.45791015625 0.034765625 0.2169921875
5 0.4603515625 0.6322265625 0.0615234375 0.034765625
5 0.45849609375 0.678662109375 0.098828125 0.06123046875
5 0.82509765625 0.40976562499999997 0.13359375 0.1810546875
5 0.6317382812500001 0.47802734375 0.28671875 0.5146484375
1 0.9325683593749999 0.787109375 0.03837890625 0.0201171875
