1 0.484130859375 0.5876953125 0.70634765625 0.3291015625
1 0.3861328125 0.43886718750000003 0.2556640625 0.081640625
1 0.3408203125 0.408203125 0.0486328125 0.0431640625
1 0.44052734374999997 0.41416015624999997 0.1283203125 0.058984375
1 0.393994140625 0.404296875 0.09423828125 0.0634765625
1 0.445556640625 0.36508789062499997 0.05654296875 0.04716796875
1 0.508154296875 0.354833984375 0.03740234375 0.02607421875
1 0.476171875 0.365771484375 0.06015625 0.04462890625
1 0.5826171874999999 0.389453125 0.101171875 0.09296875
1 0.53798828125 0.41669921875000004 0.09921875 0.0451171875
1 0.531298828125 0.397705078125 0.05791015625 0.07021484375
0 0.30209960937499997 0.50703125 0.08037109375 0.033984375
0 0.590478515625 0.44970703125 0.12138671875 0.03671875
