0 0.499853515625 0.499853515625 0.99970703125 0.99970703125
0 0.519384765625 0.423486328125 0.08701171875 0.24677734375
0 0.5927246093749999 0.428515625 0.09091796875 0.038671875
4 0.625830078125 0.46435546875 0.04072265625 0.0552734375
4 0.63408203125 0.518994140625 0.0439453125 0.12470703125
4 0.6248046875000001 0.525927734375 0.0697265625 0.13818359375
4 0.48662109375 0.32626953125 0.1259765625 0.262109375
4 0.42509765625 0.47451171875 0.1279296875 0.3408203125
1 0.45224609375 0.9347656249999999 0.1240234375 0.09921875
1 0.55751953125 0.8222167968749999 0.101171875 0.14189453125
4 0.539501953125 0.927685546875 0.19873046875 0.10244140625
4 0.45869140625 0.74423828125 0.06875 0.1064453125
4 0.382421875 0.82529296875 0.0849609375 0.0458984375
4 0.6037109375 0.845361328125 0.1068359375 0.14013671875
4 0.51689453125 0.7108398437500001 0.208984375 0.3060546875
5 0.449853515625 0.861376953125 0.14384765625 0.05205078125
4 0.45649414062500004 0.916650390625 0.22587890625 0.10322265625
4 0.417822265625 0.7472656249999999 0.15380859375 0.163671875
4 0.37714843750000004 0.513232421875 0.155078125 0.34599609375
4 0.5337890625 0.535107421875 0.1693359375 0.32021484375
