1 0.50390625 0.26577148437500003 0.1513671875 0.04365234375
1 0.255322265625 0.241015625 0.23349609375 0.166015625
1 0.338134765625 0.21181640625 0.21728515625 0.0880859375
1 0.32421875 0.249169921875 0.227734375 0.10810546875
1 0.401220703125 0.441162109375 0.53037109375 0.27998046875
1 0.58349609375 0.3529296875 0.14609375 0.1447265625
1 0.507275390625 0.298291015625 0.16494140625 0.12607421875
1 0.373583984375 0.37519531250000004 0.37041015625 0.265234375
1 0.679150390625 0.6138671875 0.51044921875 0.384375
0 0.31235351562499997 0.578173828125 0.06630859375 0.05400390625
