7 0.32763671875 0.149658203125 0.6552734375 0.29931640625
7 0.505810546875 0.03076171875 0.16396484375 0.0615234375
1 0.07763671875 0.71689453125 0.1552734375 0.5654296875
0 0.46240234375 0.526904296875 0.8623046875 0.94541015625
4 0.360498046875 0.248486328125 0.09404296875 0.17431640625
4 0.4755859375 0.633154296875 0.0751953125 0.03740234375
4 0.568017578125 0.232177734375 0.31220703125 0.16865234375
4 0.4658203125 0.44228515625 0.1681640625 0.1240234375
4 0.231103515625 0.31376953125 0.24599609375 0.226171875
4 0.42685546874999997 0.35634765625 0.152734375 0.288671875
4 0.5271484375 0.35004882812500004 0.1376953125 0.12666015625
4 0.221533203125 0.49653320312500004 0.32392578125 0.18818359375
4 0.517529296875 0.545654296875 0.28349609375 0.14150390625
4 0.313525390625 0.6125976562500001 0.11806640625 0.0724609375
4 0.73515625 0.463916015625 0.1001953125 0.28173828125
4 0.6833984375000001 0.4744140625 0.230859375 0.396484375
3 0.6501953125000001 0.592578125 0.07265625 0.05625
3 0.38974609375 0.7943359375 0.0439453125 0.0787109375
4 0.559716796875 0.7123046875 0.15869140625 0.1369140625
4 0.5208007812500001 0.812841796875 0.246484375 0.13818359375
4 0.6658203125 0.7265625 0.096484375 0.15546875
4 0.303271484375 0.8166015624999999 0.16513671875 0.0611328125
4 0.316357421875 0.704052734375 0.27900390625 0.20771484375
3 0.19736328125 0.78056640625 0.0525390625 0.10546875
4 0.2552734375 0.54150390625 0.2923828125 0.396484375
5 0.572265625 0.75146484375 0.3841796875 0.305859375
5 0.451904296875 0.09541015625 0.34423828125 0.1908203125
3 0.12607421875000002 0.55107421875 0.07265625 0.077734375
