5 0.715380859375 0.83037109375 0.06767578125 0.04765625
5 0.589453125 0.850146484375 0.7775390625 0.29892578125
7 0.170361328125 0.49687499999999996 0.06650390625 0.1994140625
1 0.194677734375 0.474853515625 0.07294921875 0.09521484375
7 0.23710937499999998 0.547119140625 0.1388671875 0.17294921875
5 0.222705078125 0.671826171875 0.08330078125 0.13857421875
5 0.374462890625 0.42753906249999996 0.49599609375 0.5873046875
0 0.281103515625 0.7238281249999999 0.10146484375 0.25859375
7 0.70029296875 0.534765625 0.0974609375 0.13359375
5 0.7357421875 0.593896484375 0.0955078125 0.15673828125
5 0.651025390625 0.6295898437499999 0.09775390625 0.101171875
5 0.737255859375 0.7298828125 0.17138671875 0.222265625
1 0.6854492187500001 0.777587890625 0.101953125 0.09423828125
1 0.37324218750000004 0.759033203125 0.2326171875 0.19208984375
5 0.43447265625 0.41718750000000004 0.4890625 0.4890625
1 0.7064453125000001 0.6387695312499999 0.195703125 0.0572265625
3 0.4564453125 0.6833984375 0.421875 0.2470703125
1 0.42617187500000003 0.853173828125 0.210546875 0.18720703125
5 0.617919921875 0.3384765625 0.15302734375 0.1669921875
0 0.725830078125 0.534716796875 0.04736328125 0.05419921875
