7 0.47749023437500004 0.104638671875 0.60322265625 0.20927734375
1 0.499853515625 0.53095703125 0.99970703125 0.9375
4 0.7031738281250001 0.6987792968750001 0.03798828125 0.03896484375
4 0.81923828125 0.42255859375 0.0796875 0.1322265625
4 0.582666015625 0.37485351562499997 0.08662109375 0.16298828125
4 0.512255859375 0.437255859375 0.08662109375 0.17509765625
4 0.341162109375 0.419091796875 0.31650390625 0.24501953125
4 0.422802734375 0.481787109375 0.14052734375 0.18076171875
4 0.317431640625 0.3048828125 0.07607421875 0.13515625
4 0.225537109375 0.370458984375 0.07607421875 0.15947265625
4 0.14306640625 0.43085937500000004 0.0896484375 0.1662109375
4 0.07568359375 0.45986328125000003 0.144140625 0.106640625
4 0.18950195312499998 0.47158203125 0.08466796875 0.109375
4 0.26953125 0.401025390625 0.08203125 0.11611328125
4 0.352783203125 0.32998046875 0.06279296875 0.070703125
4 0.448046875 0.285302734375 0.058203125 0.04931640625
4 0.272216796875 0.53857421875 0.09990234375 0.076171875
4 0.413671875 0.561572265625 0.13359375 0.14306640625
4 0.404150390625 0.599169921875 0.07080078125 0.03916015625
4 0.32900390625 0.53759765625 0.066796875 0.0955078125
4 0.694970703125 0.414599609375 0.08701171875 0.14560546875
4 0.622216796875 0.47685546875 0.09423828125 0.169921875
4 0.537548828125 0.542138671875 0.13330078125 0.17158203125
4 0.54599609375 0.5972656249999999 0.1435546875 0.1314453125
4 0.593701171875 0.656591796875 0.06708984375 0.03642578125
4 0.648095703125 0.561083984375 0.11572265625 0.17236328125
4 0.75185546875 0.472607421875 0.10546875 0.13173828125
4 0.9163085937500001 0.46083984375000003 0.15078125 0.128515625
4 0.9325683593749999 0.560791015625 0.11240234375 0.16572265625
4 0.7372558593749999 0.596728515625 0.28935546875 0.22275390625
4 0.821728515625 0.656982421875 0.22353515625 0.18798828125
4 0.80146484375 0.712548828125 0.168359375 0.11259765625
7 0.774755859375 0.1626953125 0.44970703125 0.3244140625
7 0.095556640625 0.05322265625 0.19111328125 0.1064453125
