7 0.391845703125 0.31494140625 0.04072265625 0.038671875
7 0.45654296875 0.2599609375 0.0966796875 0.1177734375
7 0.60654296875 0.291845703125 0.0771484375 0.22060546875
7 0.191796875 0.39716796875 0.127734375 0.269140625
7 0.328662109375 0.189013671875 0.28623046875 0.24501953125
7 0.32392578125 0.478955078125 0.226171875 0.38193359375
7 0.523828125 0.3533203125 0.2216796875 0.1927734375
1 0.495654296875 0.40097656249999997 0.13466796875 0.090234375
6 0.7626464843749999 0.62099609375 0.20830078125 0.243359375
6 0.8015625 0.50859375 0.2509765625 0.27578125
7 0.558935546875 0.636083984375 0.30185546875 0.42822265625
