1 0.27958984375 0.16767578125 0.5591796875 0.3353515625
1 0.30605468750000003 0.15927734375 0.0611328125 0.0734375
1 0.241748046875 0.176513671875 0.15478515625 0.07763671875
4 0.371875 0.388232421875 0.3310546875 0.11728515625
4 0.46103515625 0.33857421875 0.215625 0.09921875
4 0.3359375 0.358544921875 0.299609375 0.15654296875
4 0.354345703125 0.474462890625 0.24501953125 0.18603515625
4 0.551220703125 0.40732421874999997 0.15478515625 0.1361328125
4 0.49238281250000004 0.46923828125 0.159375 0.1462890625
0 0.085009765625 0.890673828125 0.17001953125 0.21826171875
1 0.31352539062499996 0.204296875 0.05888671875 0.027734375
