7 0.640869140625 0.36552734375 0.35615234375 0.323046875
1 0.947412109375 0.708642578125 0.04814453125 0.06748046875
1 0.49799804687500004 0.6263183593749999 0.45537109375 0.57412109375
1 0.41630859375 0.60595703125 0.3052734375 0.2986328125
2 0.47641601562499997 0.6797363281250001 0.05751953125 0.06708984375
0 0.430078125 0.5670898437499999 0.029296875 0.049609375
1 0.49130859375 0.497998046875 0.2712890625 0.16005859375
7 0.901513671875 0.46923828125 0.19638671875 0.42265625
0 0.7831542968749999 0.82568359375 0.05283203125 0.0958984375
1 0.91865234375 0.860595703125 0.0734375 0.07900390625
8 0.982861328125 0.8019042968750001 0.03271484375 0.05361328125
0 0.95224609375 0.781103515625 0.0587890625 0.07080078125
0 0.9576171874999999 0.737060546875 0.06796875 0.06416015625
0 0.081884765625 0.827685546875 0.16318359375 0.15478515625
