1 0.45751953125 0.648486328125 0.9150390625 0.37080078125
1 0.581396484375 0.509814453125 0.17529296875 0.08701171875
5 0.1736328125 0.693017578125 0.18515625 0.11181640625
5 0.187841796875 0.5533203124999999 0.13095703125 0.1001953125
0 0.197900390625 0.617919921875 0.06513671875 0.03740234375
5 0.362548828125 0.525927734375 0.18681640625 0.12529296875
5 0.34174804687500004 0.68662109375 0.16572265625 0.111328125
5 0.29111328125 0.5795410156249999 0.163671875 0.11552734375
1 0.48642578125 0.597265625 0.2427734375 0.2673828125
5 0.70185546875 0.6191894531250001 0.2681640625 0.19521484375
5 0.551708984375 0.57822265625 0.25166015625 0.1232421875
6 0.499853515625 0.60029296875 0.99970703125 0.6728515625
6 0.499853515625 0.208935546875 0.99970703125 0.41787109375
7 0.49702148437500004 0.227197265625 0.71494140625 0.21083984375
5 0.5212890625 0.663720703125 0.16171875 0.13544921875
