0 0.499853515625 0.499853515625 0.99970703125 0.99970703125
5 0.432568359375 0.519140625 0.06748046875 0.055078125
5 0.35234375 0.5259277343750001 0.12734375 0.03994140625
5 0.23164062500000002 0.5614257812500001 0.069140625 0.0404296875
5 0.265673828125 0.49541015625 0.15771484375 0.10390625
5 0.406591796875 0.6874023437500001 0.40380859375 0.2884765625
5 0.304443359375 0.669921875 0.10615234375 0.055078125
5 0.49736328125 0.680419921875 0.075390625 0.01962890625
5 0.3060546875 0.611376953125 0.2013671875 0.21728515625
5 0.50166015625 0.611572265625 0.1435546875 0.13291015625
5 0.40317382812499997 0.5945312500000001 0.07412109375 0.1349609375
5 0.386376953125 0.6462890625000001 0.09755859375 0.0744140625
5 0.70390625 0.607763671875 0.2662109375 0.09697265625
5 0.745703125 0.41806640625 0.0853515625 0.059765625
5 0.75 0.448095703125 0.0595703125 0.04443359375
5 0.69541015625 0.416796875 0.1078125 0.0568359375
5 0.653271484375 0.52470703125 0.47060546875 0.1837890625
5 0.4623046875 0.7373046875 0.3955078125 0.17109375
7 0.3154296875 0.743798828125 0.1732421875 0.15869140625
7 0.546142578125 0.4826171875 0.10810546875 0.0228515625
5 0.4978515625 0.4330078125 0.38125 0.15625
5 0.5486328125000001 0.347705078125 0.1732421875 0.06005859375
1 0.1173828125 0.8873046875 0.1541015625 0.0478515625
