6 0.174169921875 0.58466796875 0.01806640625 0.0482421875
6 0.17841796875 0.69541015625 0.0275390625 0.06484375
6 0.717041015625 0.42392578124999997 0.05849609375 0.0681640625
6 0.307861328125 0.44277343750000003 0.27900390625 0.1607421875
6 0.309912109375 0.61015625 0.31669921875 0.31484375
6 0.48447265624999997 0.8083984375 0.351953125 0.3826171875
6 0.575244140625 0.496728515625 0.26708984375 0.26123046875
6 0.674462890625 0.7450195312500001 0.03642578125 0.06875
6 0.6432617187499999 0.676904296875 0.11484375 0.19580078125
6 0.708349609375 0.49755859375 0.07939453125 0.1306640625
0 0.659716796875 0.5009765625 0.14482421875 0.2619140625
6 0.6857421874999999 0.900146484375 0.0689453125 0.15673828125
6 0.199169921875 0.739208984375 0.05458984375 0.09755859375
7 0.55537109375 0.213623046875 0.2740234375 0.37099609375
