7 0.42509765624999996 0.6650390625 0.0505859375 0.15078125
7 0.64287109375 0.72587890625 0.0982421875 0.2037109375
7 0.989501953125 0.6076171875 0.02060546875 0.1478515625
7 0.9876953125 0.43271484375 0.0240234375 0.2404296875
7 0.94775390625 0.862060546875 0.10390625 0.27509765625
7 0.8047363281250001 0.851318359375 0.24384765625 0.29658203125
7 0.836181640625 0.49189453125 0.31572265625 0.5029296875
7 0.6502929687500001 0.40546875000000004 0.2896484375 0.558203125
7 0.5091796875 0.42529296875 0.0228515625 0.0548828125
7 0.48291015625 0.41845703125 0.0376953125 0.0810546875
7 0.42490234375 0.458642578125 0.1662109375 0.26591796875
7 0.973046875 0.7080078125 0.0533203125 0.058203125
7 0.514306640625 0.7364746093750001 0.17587890625 0.38291015625
7 0.253759765625 0.582470703125 0.12451171875 0.20068359375
7 0.154052734375 0.7013671874999999 0.19990234375 0.385546875
7 0.336328125 0.700927734375 0.1845703125 0.41962890625
7 0.082470703125 0.563427734375 0.04833984375 0.03369140625
