5 0.85869140625 0.661376953125 0.194140625 0.06474609375
7 0.8552734375 0.460595703125 0.2099609375 0.17314453125
1 0.043798828125 0.619775390625 0.08564453125 0.04267578125
1 0.2630859375 0.37675781249999996 0.2080078125 0.1369140625
7 0.03505859375 0.58603515625 0.0701171875 0.0451171875
7 0.074072265625 0.49165039062500004 0.14814453125 0.15595703125
7 0.141064453125 0.40908203125 0.23310546875 0.1708984375
7 0.52275390625 0.339404296875 0.2486328125 0.08310546875
1 0.6646484375 0.3892578125 0.092578125 0.023046875
7 0.48779296875 0.410009765625 0.299609375 0.09970703125
1 0.310693359375 0.416357421875 0.07568359375 0.06494140625
1 0.279150390625 0.41582031249999996 0.04501953125 0.0349609375
7 0.62578125 0.725439453125 0.146484375 0.05361328125
5 0.832861328125 0.54873046875 0.05654296875 0.0349609375
1 0.646337890625 0.5550781250000001 0.38193359375 0.319921875
1 0.092236328125 0.66591796875 0.02646484375 0.038671875
1 0.287060546875 0.5681640625 0.48408203125 0.3705078125
1 0.247998046875 0.595751953125 0.10048828125 0.10166015625
1 0.385302734375 0.597900390625 0.06416015625 0.03798828125
1 0.37216796875 0.511376953125 0.221875 0.27333984375
1 0.39814453125 0.585009765625 0.066796875 0.07568359375
1 0.532373046875 0.38437499999999997 0.14677734375 0.1130859375
1 0.5747558593750001 0.44814453125 0.17861328125 0.0634765625
1 0.662353515625 0.531396484375 0.28310546875 0.13916015625
1 0.58740234375 0.515478515625 0.1603515625 0.07216796875
2 0.5314453125 0.496533203125 0.03046875 0.05654296875
1 0.6373535156250001 0.48623046875000003 0.18154296875 0.1138671875
6 0.661572265625 0.527294921875 0.23310546875 0.12548828125
2 0.8826171875 0.558740234375 0.049609375 0.03818359375
5 0.9048828125 0.688916015625 0.189453125 0.08955078125
0 0.96630859375 0.730078125 0.066796875 0.059765625
0 0.933740234375 0.7600585937500001 0.10751953125 0.0578125
