7 0.244140625 0.41982421875000003 0.17734375 0.1822265625
6 0.35673828125 0.344580078125 0.1029296875 0.19912109375
0 0.531591796875 0.6936523437500001 0.04287109375 0.0638671875
1 0.6952636718749999 0.6456542968750001 0.12919921875 0.13662109375
1 0.768115234375 0.44223632812499997 0.20537109375 0.10478515625
7 0.631103515625 0.31083984375 0.09501953125 0.101171875
7 0.694677734375 0.244580078125 0.08876953125 0.17958984375
7 0.7162597656249999 0.3306640625 0.07939453125 0.1765625
7 0.7452636718750001 0.2845703125 0.08876953125 0.1669921875
0 0.784619140625 0.22646484375 0.05732421875 0.036328125
0 0.481103515625 0.742919921875 0.03271484375 0.04794921875
2 0.32138671875 0.64462890625 0.387890625 0.5419921875
1 0.394140625 0.55625 0.106640625 0.0515625
1 0.33056640625 0.571923828125 0.2748046875 0.39580078125
1 0.30458984375 0.669970703125 0.1443359375 0.08330078125
1 0.21923828125 0.632421875 0.0267578125 0.0353515625
1 0.2455078125 0.629150390625 0.01640625 0.04072265625
1 0.238623046875 0.6313964843750001 0.02080078125 0.05849609375
1 0.258837890625 0.618701171875 0.04638671875 0.06279296875
