1 0.434326171875 0.13017578124999998 0.04599609375 0.023828125
7 0.521826171875 0.15922851562499998 0.08330078125 0.04658203125
7 0.461669921875 0.304833984375 0.10322265625 0.33134765625
7 0.568310546875 0.287841796875 0.29130859375 0.23486328125
7 0.392333984375 0.562890625 0.11474609375 0.13515625
1 0.3470703125 0.532763671875 0.0267578125 0.06103515625
6 0.32236328125 0.79970703125 0.2638671875 0.2314453125
7 0.17685546875 0.5076171875 0.3359375 0.4015625
7 0.628466796875 0.445458984375 0.38525390625 0.38740234375
1 0.39731445312499997 0.63388671875 0.04130859375 0.012890625
1 0.48276367187499997 0.694580078125 0.10048828125 0.19521484375
7 0.699072265625 0.6490234375 0.45966796875 0.4826171875
1 0.330859375 0.664306640625 0.2337890625 0.05185546875
1 0.521630859375 0.964013671875 0.05126953125 0.04267578125
