1 0.281640625 0.592138671875 0.2353515625 0.46064453125
7 0.48295898437499996 0.625146484375 0.19697265625 0.19345703125
1 0.7294433593749999 0.513720703125 0.39287109375 0.67490234375
1 0.722998046875 0.39150390625000003 0.12646484375 0.0396484375
7 0.8323730468749999 0.328369140625 0.10166015625 0.16669921875
1 0.639013671875 0.36923828124999997 0.05732421875 0.073046875
7 0.244677734375 0.550439453125 0.07216796875 0.06845703125
7 0.2947265625 0.5064453125 0.10390625 0.1392578125
0 0.366650390625 0.5205078125 0.04931640625 0.1369140625
0 0.7044921875 0.42294921875 0.3732421875 0.0390625
0 0.7126953125 0.482421875 0.3474609375 0.0634765625
