1 0.54052734375 0.50283203125 0.081640625 0.1087890625
1 0.6134765625 0.498828125 0.07265625 0.1173828125
1 0.66259765625 0.476806640625 0.0810546875 0.04892578125
6 0.955322265625 0.656396484375 0.08876953125 0.27978515625
6 0.85830078125 0.706982421875 0.2830078125 0.39619140625
6 0.71240234375 0.725732421875 0.258203125 0.46923828125
6 0.6015625 0.7420898437500001 0.1435546875 0.3763671875
6 0.271337890625 0.733837890625 0.54267578125 0.53173828125
0 0.555419921875 0.963916015625 0.05927734375 0.07138671875
6 0.911376953125 0.4740234375 0.17685546875 0.1259765625
0 0.758349609375 0.470556640625 0.17587890625 0.16533203125
6 0.80263671875 0.48745117187500003 0.216796875 0.13291015625
6 0.7170898437500001 0.290380859375 0.28046875 0.39619140625
6 0.52158203125 0.28642578125 0.16171875 0.4537109375
6 0.37260742187499996 0.27099609375 0.18623046875 0.48515625
6 0.169921875 0.2638671875 0.2490234375 0.46953125
6 0.064501953125 0.2638671875 0.12900390625 0.527734375
0 0.203076171875 0.03779296875 0.18251953125 0.03203125
0 0.63134765625 0.11123046875 0.0681640625 0.0234375
0 0.605126953125 0.481689453125 0.07587890625 0.01025390625
0 0.7384765624999999 0.534423828125 0.346484375 0.05361328125
