1 0.618408203125 0.18217773437499998 0.13818359375 0.04560546875
1 0.621435546875 0.28671875 0.12275390625 0.2123046875
7 0.843408203125 0.7109375 0.28544921875 0.32734375
7 0.814892578125 0.275341796875 0.36982421875 0.50498046875
7 0.50693359375 0.3146484375 0.1765625 0.346875
7 0.651416015625 0.58583984375 0.25224609375 0.3978515625
1 0.281005859375 0.633056640625 0.56201171875 0.73310546875
3 0.366259765625 0.61328125 0.07041015625 0.081640625
2 0.384130859375 0.8346679687499999 0.06845703125 0.0720703125
3 0.43466796875 0.7880859375 0.0458984375 0.088671875
0 0.43017578125 0.7669921875 0.0498046875 0.0763671875
1 0.27744140625 0.715966796875 0.31328125 0.28173828125
5 0.45029296874999997 0.266845703125 0.0716796875 0.24599609375
5 0.4736328125 0.21762695312500002 0.065234375 0.19912109375
5 0.53486328125 0.268359375 0.059765625 0.1107421875
5 0.5298828125 0.21103515625 0.076171875 0.1111328125
7 0.887109375 0.83369140625 0.2251953125 0.33203125
7 0.938525390625 0.46103515625 0.12255859375 0.3095703125
0 0.39042968749999996 0.67373046875 0.0798828125 0.05390625
