7 0.38432617187499996 0.43984375 0.29189453125 0.316796875
1 0.47099609374999996 0.58330078125 0.2986328125 0.3115234375
5 0.578515625 0.345263671875 0.0578125 0.08798828125
2 0.46630859375 0.746875 0.0625 0.11015625
7 0.703369140625 0.419677734375 0.22919921875 0.33466796875
0 0.58876953125 0.407568359375 0.0595703125 0.04990234375
1 0.093505859375 0.349267578125 0.18701171875 0.39091796875
1 0.219970703125 0.512255859375 0.08681640625 0.12900390625
1 0.266015625 0.32539062500000004 0.046875 0.036328125
1 0.21875 0.418310546875 0.4375 0.39677734375
5 0.405908203125 0.373486328125 0.16142578125 0.13525390625
5 0.448779296875 0.38271484375000003 0.17138671875 0.163671875
5 0.33349609375 0.48276367187499997 0.1158203125 0.09853515625
5 0.420263671875 0.50673828125 0.17880859375 0.1140625
7 0.514697265625 0.45947265625 0.16572265625 0.1240234375
3 0.503759765625 0.43222656249999997 0.11357421875 0.1263671875
3 0.551123046875 0.44282226562500004 0.08037109375 0.10517578125
5 0.919189453125 0.6834960937500001 0.09423828125 0.2572265625
7 0.7831542968749999 0.69873046875 0.25029296875 0.34921875
7 0.757421875 0.779638671875 0.21328125 0.18818359375
7 0.586181640625 0.652099609375 0.05830078125 0.05556640625
7 0.095068359375 0.448095703125 0.14755859375 0.14951171875
