5 0.01240234375 0.10219726562499999 0.0248046875 0.04501953125
5 0.009912109375 0.078173828125 0.01982421875 0.04130859375
5 0.00498046875 0.05029296875 0.0099609375 0.0310546875
5 0.016894531249999997 0.08286132812500001 0.0138671875 0.03603515625
5 0.016650390625 0.056884765625 0.02978515625 0.03505859375
5 0.038330078125 0.01357421875 0.07666015625 0.0271484375
7 0.091748046875 0.100537109375 0.14189453125 0.20107421875
5 0.023828125 0.037500000000000006 0.04765625 0.03671875
7 0.163671875 0.1109375 0.123046875 0.221875
7 0.166455078125 0.133984375 0.09775390625 0.230859375
7 0.210107421875 0.16845703125 0.06005859375 0.25234375
7 0.469970703125 0.139697265625 0.07294921875 0.12529296875
7 0.221728515625 0.304541015625 0.08134765625 0.15146484375
7 0.351025390625 0.24150390625 0.24970703125 0.4189453125
7 0.59736328125 0.48989257812500003 0.0498046875 0.06513671875
7 0.46577148437500004 0.461767578125 0.29716796875 0.61474609375
2 0.5259277343750001 0.463330078125 0.16298828125 0.27841796875
7 0.7072265625 0.3685546875 0.2130859375 0.2490234375
7 0.834619140625 0.295166015625 0.04267578125 0.12998046875
7 0.607666015625 0.72333984375 0.31298828125 0.5525390625
7 0.978271484375 0.6564453124999999 0.04287109375 0.0681640625
7 0.80556640625 0.65166015625 0.3611328125 0.6306640625
1 0.70595703125 0.45087890625 0.1138671875 0.1431640625
5 0.78349609375 0.40380859375 0.0837890625 0.1640625
1 0.720361328125 0.4818359375 0.04833984375 0.0443359375
5 0.685888671875 0.50029296875 0.04287109375 0.0396484375
6 0.948876953125 0.84013671875 0.10166015625 0.319140625
7 0.97412109375 0.615234375 0.0513671875 0.1021484375
7 0.2369140625 0.17197265625000002 0.0412109375 0.066796875
5 0.887890625 0.8918945312500001 0.058984375 0.07734375
