5 0.8640625 0.309521484375 0.2712890625 0.27509765625
5 0.7768066406249999 0.24970703125 0.08037109375 0.0958984375
5 0.799462890625 0.268310546875 0.05185546875 0.06181640625
5 0.901953125 0.310009765625 0.0587890625 0.07373046875
1 0.711279296875 0.578857421875 0.15126953125 0.18154296875
1 0.730517578125 0.5699218749999999 0.15849609375 0.0796875
1 0.73154296875 0.553369140625 0.1673828125 0.09228515625
1 0.728125 0.43305664062500004 0.158203125 0.29658203125
1 0.414990234375 0.5235839843750001 0.62353515625 0.71259765625
0 0.3458984375 0.573046875 0.065234375 0.125
1 0.2984375 0.589794921875 0.1470703125 0.16962890625
1 0.32119140625 0.49624023437500003 0.0515625 0.06650390625
6 0.25185546875 0.4375 0.1828125 0.1818359375
3 0.3859375 0.530908203125 0.1185546875 0.10947265625
1 0.3125 0.3361328125 0.02578125 0.0611328125
7 0.532763671875 0.29169921875 0.41767578125 0.4484375
1 0.34736328125 0.243701171875 0.050390625 0.06279296875
1 0.8916503906250001 0.175244140625 0.16865234375 0.35048828125
