7 0.774169921875 0.70458984375 0.05888671875 0.0193359375
7 0.825439453125 0.7068359375 0.03173828125 0.0486328125
7 0.8072265625 0.667041015625 0.0291015625 0.05380859375
7 0.7263671875 0.67158203125 0.0419921875 0.0341796875
1 0.8203125 0.66591796875 0.034765625 0.0341796875
7 0.843408203125 0.68896484375 0.03740234375 0.0396484375
6 0.287255859375 0.76513671875 0.33369140625 0.1974609375
6 0.5419921875 0.546533203125 0.1283203125 0.19521484375
7 0.289208984375 0.670166015625 0.29658203125 0.12998046875
7 0.38408203124999996 0.592041015625 0.297265625 0.14287109375
6 0.522314453125 0.32705078125 0.17958984375 0.0697265625
7 0.508056640625 0.390234375 0.26552734375 0.1783203125
7 0.523876953125 0.263037109375 0.21630859375 0.15849609375
6 0.37812500000000004 0.46923828125 0.2986328125 0.1701171875
7 0.6741699218749999 0.57861328125 0.21201171875 0.1671875
5 0.277392578125 0.548779296875 0.06279296875 0.05732421875
5 0.33164062499999997 0.57666015625 0.1150390625 0.075390625
5 0.38803710937499997 0.603466796875 0.05458984375 0.02978515625
2 0.40737304687500003 0.581591796875 0.06416015625 0.03916015625
1 0.450537109375 0.6155273437500001 0.06708984375 0.044140625
7 0.58134765625 0.24326171875 0.083984375 0.080859375
7 0.47138671875 0.2455078125 0.0419921875 0.07890625
5 0.50029296875 0.211181640625 0.058203125 0.03349609375
5 0.520166015625 0.28095703125 0.06416015625 0.0708984375
7 0.16298828125 0.680615234375 0.0224609375 0.05458984375
7 0.48393554687499996 0.33447265625 0.06181640625 0.0265625
7 0.3650390625 0.57919921875 0.0462890625 0.0498046875
5 0.80703125 0.776318359375 0.0552734375 0.03076171875
5 0.7697265625 0.7486328125 0.1220703125 0.04140625
5 0.70517578125 0.72119140625 0.146484375 0.038671875
7 0.71318359375 0.7431640625 0.0486328125 0.023046875
7 0.65869140625 0.750390625 0.1283203125 0.0359375
7 0.6064453125 0.716943359375 0.0720703125 0.06376953125
1 0.72802734375 0.774365234375 0.0849609375 0.02236328125
1 0.778564453125 0.6310546875 0.05986328125 0.0275390625
7 0.76171875 0.65908203125 0.0896484375 0.0826171875
1 0.849853515625 0.67763671875 0.02509765625 0.0421875
2 0.8522460937499999 0.728955078125 0.0271484375 0.04365234375
1 0.778271484375 0.615380859375 0.05322265625 0.00947265625
