5 0.23623046875 0.118408203125 0.2333984375 0.23681640625
0 0.5984375 0.546142578125 0.038671875 0.07509765625
5 0.781494140625 0.70107421875 0.11357421875 0.04296875
5 0.909619140625 0.5796875 0.10244140625 0.0515625
0 0.53173828125 0.0634765625 0.17265625 0.126953125
7 0.5423828125 0.1333984375 0.211328125 0.2423828125
7 0.876953125 0.256103515625 0.2455078125 0.44345703125
7 0.73515625 0.37470703125 0.33828125 0.5052734375
5 0.43955078124999997 0.40439453125 0.105859375 0.25859375
7 0.566455078125 0.231201171875 0.11357421875 0.22490234375
7 0.56474609375 0.343408203125 0.1765625 0.37333984375
5 0.23940429687499998 0.041845703125 0.08701171875 0.08369140625
1 0.18994140625 0.045458984375 0.13046875 0.09091796875
6 0.15488281250000002 0.04296875 0.1296875 0.0859375
0 0.486865234375 0.83681640625 0.22275390625 0.237109375
7 0.447998046875 0.489404296875 0.22490234375 0.48017578125
5 0.4888671875 0.458544921875 0.0357421875 0.12470703125
7 0.208251953125 0.41142578125 0.35146484375 0.6845703125
1 0.25498046874999997 0.048583984375 0.0525390625 0.07275390625
5 0.8058105468750001 0.8108398437500001 0.18251953125 0.2142578125
5 0.772802734375 0.82490234375 0.09619140625 0.1359375
5 0.8169921875 0.621826171875 0.0927734375 0.11806640625
5 0.815380859375 0.612060546875 0.06123046875 0.08466796875
5 0.6534667968750001 0.6865234375 0.12001953125 0.1283203125
5 0.6665527343750001 0.7328125 0.12177734375 0.1640625
5 0.74130859375 0.648828125 0.080859375 0.1150390625
1 0.406396484375 0.294970703125 0.04287109375 0.03505859375
