3 0.139208984375 0.489111328125 0.13564453125 0.21298828125
3 0.21611328125 0.49287109375 0.1306640625 0.2232421875
7 0.227099609375 0.4453125 0.10244140625 0.11875
3 0.2955078125 0.521142578125 0.1396484375 0.22685546875
3 0.38032226562500004 0.575537109375 0.15009765625 0.26025390625
1 0.5134765625 0.644970703125 0.2685546875 0.43154296875
1 0.544140625 0.572607421875 0.1533203125 0.21591796875
1 0.50205078125 0.6646484375 0.1048828125 0.174609375
1 0.68310546875 0.311328125 0.1673828125 0.1107421875
7 0.632080078125 0.36259765624999996 0.18876953125 0.2423828125
7 0.7959960937499999 0.3890625 0.210546875 0.1703125
7 0.376708984375 0.50810546875 0.14931640625 0.112109375
7 0.293017578125 0.474853515625 0.12626953125 0.14814453125
7 0.13564453125 0.419677734375 0.1185546875 0.07607421875
