1 0.6248046875 0.37324218750000004 0.5486328125 0.3337890625
0 0.170361328125 0.350732421875 0.08271484375 0.04912109375
1 0.128515625 0.434521484375 0.0896484375 0.05302734375
1 0.265576171875 0.40351562500000004 0.24404296875 0.10859375
0 0.23715820312500002 0.351171875 0.12900390625 0.0451171875
0 0.33608398437500003 0.43876953124999996 0.04990234375 0.0486328125
1 0.496240234375 0.464404296875 0.24970703125 0.10693359375
0 0.098583984375 0.37978515625 0.04892578125 0.0359375
7 0.48920898437500004 0.62841796875 0.73642578125 0.3876953125
0 0.34824218749999997 0.47026367187499996 0.04765625 0.01884765625
0 0.082958984375 0.4580078125 0.04560546875 0.0265625
2 0.626318359375 0.69609375 0.07470703125 0.0513671875
