6 0.48627929687500004 0.484765625 0.77939453125 0.4814453125
0 0.433984375 0.38662109375000003 0.07109375 0.0376953125
1 0.6197265625 0.194189453125 0.1712890625 0.16767578125
1 0.6412109375 0.16396484375 0.114453125 0.1046875
1 0.7359374999999999 0.07080078125 0.2046875 0.1416015625
0 0.72734375 0.0185546875 0.0916015625 0.0322265625
1 0.8255859375 0.067822265625 0.305859375 0.13564453125
0 0.7567871093749999 0.06650390625 0.07841796875 0.0615234375
1 0.778125 0.175 0.2037109375 0.15546875
1 0.849560546875 0.11967773437500001 0.26318359375 0.19521484375
5 0.8990234374999999 0.117822265625 0.077734375 0.03271484375
1 0.916015625 0.069921875 0.0548828125 0.03125
1 0.898828125 0.075732421875 0.11640625 0.06865234375
2 0.87197265625 0.08061523437500001 0.04296875 0.01591796875
1 0.70966796875 0.255810546875 0.1322265625 0.09697265625
1 0.945947265625 0.245654296875 0.10751953125 0.10244140625
1 0.56865234375 0.37387695312499997 0.1140625 0.06279296875
1 0.6265136718750001 0.338427734375 0.16962890625 0.08310546875
1 0.6519042968750001 0.34091796875 0.14248046875 0.050390625
1 0.62353515625 0.299853515625 0.13984375 0.07587890625
7 0.814453125 0.383544921875 0.144140625 0.06220703125
