5 0.7349609375 0.18720703125 0.0671875 0.1640625
5 0.597705078125 0.203076171875 0.18505859375 0.17001953125
5 0.598681640625 0.322265625 0.22568359375 0.1359375
5 0.5087890625 0.5806640625 0.232421875 0.208984375
5 0.782470703125 0.52783203125 0.25947265625 0.2427734375
5 0.814453125 0.6521484375 0.2123046875 0.1845703125
5 0.6684082031249999 0.366552734375 0.24052734375 0.17158203125
1 0.571533203125 0.677880859375 0.37919921875 0.47158203125
5 0.2689453125 0.823095703125 0.2453125 0.35322265625
5 0.44287109375 0.417822265625 0.0568359375 0.19208984375
1 0.5566894531250001 0.731689453125 0.04091796875 0.03740234375
5 0.35166015625 0.473046875 0.137890625 0.2939453125
5 0.54580078125 0.65556640625 0.2388671875 0.1841796875
5 0.52705078125 0.76572265625 0.1150390625 0.13984375
7 0.597607421875 0.5918945312499999 0.06220703125 0.0787109375
