5 0.77255859375 0.39150390625 0.086328125 0.090625
5 0.672119140625 0.80439453125 0.07783203125 0.2099609375
5 0.60146484375 0.89736328125 0.2416015625 0.2046875
5 0.38359375 0.6227050781250001 0.3876953125 0.50068359375
5 0.59697265625 0.702734375 0.0828125 0.191796875
5 0.798486328125 0.71630859375 0.40205078125 0.566796875
5 0.6377929687499999 0.38291015625 0.20859375 0.31875
5 0.07265625 0.8029296875 0.1453125 0.3935546875
5 0.191357421875 0.922314453125 0.22548828125 0.15478515625
5 0.40141601562499996 0.9186035156250001 0.22490234375 0.16201171875
0 0.4994140625 0.728662109375 0.320703125 0.39716796875
5 0.210107421875 0.617724609375 0.41962890625 0.69111328125
5 0.163232421875 0.230126953125 0.23466796875 0.29228515625
5 0.4416015625 0.41157226562500004 0.434765625 0.60419921875
0 0.499853515625 0.499853515625 0.99970703125 0.99970703125
