5 0.835107421875 0.153955078125 0.32939453125 0.30791015625
1 0.655615234375 0.30439453125 0.12529296875 0.1478515625
1 0.59638671875 0.366552734375 0.2140625 0.29130859375
1 0.462548828125 0.323876953125 0.11708984375 0.13857421875
7 0.281787109375 0.409375 0.53623046875 0.7962890625
5 0.5087890625 0.48066406250000004 0.0810546875 0.1193359375
7 0.60400390625 0.684375 0.3583984375 0.5505859375
7 0.8221679687500001 0.45009765625 0.3169921875 0.4947265625
5 0.675341796875 0.414404296875 0.05302734375 0.09130859375
5 0.5471679687500001 0.584814453125 0.0560546875 0.07841796875
5 0.68974609375 0.71923828125 0.080859375 0.15546875
5 0.574755859375 0.6869628906249999 0.06376953125 0.08232421875
5 0.625 0.567138671875 0.0525390625 0.10908203125
0 0.6388671875 0.574951171875 0.0654296875 0.03076171875
5 0.27114257812500003 0.38505859375 0.09345703125 0.280078125
4 0.42397460937500003 0.462939453125 0.09150390625 0.10517578125
5 0.3474609375 0.644970703125 0.075390625 0.14912109375
