7 0.044482421875 0.186962890625 0.08896484375 0.12548828125
7 0.943896484375 0.953955078125 0.11142578125 0.09150390625
7 0.16650390625 0.292822265625 0.3330078125 0.23837890625
7 0.080029296875 0.39638671875 0.16005859375 0.262109375
6 0.20209960937500002 0.505322265625 0.12236328125 0.19072265625
0 0.23012695312499998 0.4744140625 0.06748046875 0.0580078125
6 0.213623046875 0.43666992187500003 0.06748046875 0.05380859375
7 0.20615234375 0.3423828125 0.2734375 0.320703125
7 0.383935546875 0.237158203125 0.11181640625 0.13642578125
7 0.478955078125 0.269970703125 0.31845703125 0.20556640625
7 0.4439453125 0.513232421875 0.577734375 0.42783203125
5 0.5345703125000001 0.382958984375 0.0677734375 0.08779296875
7 0.52744140625 0.759912109375 0.3888671875 0.35908203125
7 0.704541015625 0.854248046875 0.05126953125 0.29091796875
1 0.6605468750000001 0.702880859375 0.13125 0.04912109375
7 0.765673828125 0.54951171875 0.42626953125 0.33359375
7 0.850146484375 0.739794921875 0.29892578125 0.51982421875
7 0.46870117187500004 0.326904296875 0.12529296875 0.04013671875
2 0.48359375 0.36396484375 0.0849609375 0.0552734375
7 0.500830078125 0.40498046875000004 0.11474609375 0.0451171875
5 0.51787109375 0.225439453125 0.126953125 0.10517578125
5 0.569091796875 0.279541015625 0.06083984375 0.04462890625
