7 0.062744140625 0.60068359375 0.12548828125 0.39453125
7 0.20224609375 0.254736328125 0.4044921875 0.34951171875
7 0.22958984375 0.38691406250000004 0.3197265625 0.256640625
6 0.4623046875 0.39003906250000003 0.183984375 0.16171875
6 0.7137695312500001 0.5732421875 0.4419921875 0.426953125
0 0.6050781249999999 0.408251953125 0.0826171875 0.03603515625
6 0.346533203125 0.735595703125 0.44697265625 0.36474609375
0 0.50732421875 0.622412109375 0.076171875 0.05361328125
1 0.35107421875 0.557666015625 0.37578125 0.32900390625
1 0.753369140625 0.268212890625 0.33505859375 0.32939453125
0 0.465673828125 0.316943359375 0.15849609375 0.01162109375
0 0.567236328125 0.38095703125 0.05849609375 0.036328125
