5 0.726171875 0.6888671875 0.1130859375 0.080078125
1 0.945556640625 0.7423828124999999 0.10810546875 0.0552734375
7 0.6995605468749999 0.8685546875000001 0.29794921875 0.2123046875
7 0.9166992187499999 0.7683593750000001 0.05625 0.086328125
0 0.906787109375 0.869873046875 0.18583984375 0.25966796875
5 0.977294921875 0.891845703125 0.04462890625 0.16318359375
7 0.81064453125 0.7824218749999999 0.172265625 0.3650390625
0 0.4796875 0.6083984375 0.4970703125 0.4236328125
1 0.5537109375 0.624072265625 0.1431640625 0.07841796875
1 0.6001953125 0.6615234375 0.125 0.07890625
7 0.448876953125 0.629345703125 0.19208984375 0.16494140625
