1 0.565234375 0.26362304687500004 0.6171875 0.36630859375
6 0.48525390625 0.58232421875 0.6220703125 0.43203125
1 0.5916015625 0.25673828125000003 0.196484375 0.1076171875
1 0.543115234375 0.28310546875000003 0.05146484375 0.040625
1 0.45732421874999996 0.26337890625 0.133984375 0.1056640625
1 0.580029296875 0.31328125 0.16865234375 0.095703125
0 0.33549804687499996 0.46933593749999997 0.14326171875 0.0662109375
0 0.672021484375 0.574609375 0.15537109375 0.0763671875
0 0.55908203125 0.4580078125 0.09609375 0.0783203125
0 0.4458984375 0.620556640625 0.12265625 0.14345703125
0 0.4244140625 0.656103515625 0.480859375 0.18251953125
0 0.560595703125 0.76669921875 0.04833984375 0.0369140625
0 0.43281250000000004 0.6916992187500001 0.43515625 0.1681640625
0 0.296875 0.66767578125 0.0486328125 0.0314453125
0 0.40786132812500003 0.704150390625 0.06513671875 0.04423828125
