1 0.767578125 0.081982421875 0.02578125 0.05751953125
7 0.6175292968749999 0.116748046875 0.33974609375 0.23349609375
7 0.8596679687500001 0.373681640625 0.180078125 0.32412109375
0 0.9345703125 0.611083984375 0.13046875 0.20634765625
7 0.633349609375 0.5853515625 0.60986328125 0.7771484375
3 0.4876953125 0.53046875 0.164453125 0.213671875
5 0.44306640625000004 0.649169921875 0.184765625 0.33466796875
5 0.703759765625 0.38671875 0.17587890625 0.2900390625
5 0.5501953125 0.45302734375 0.2244140625 0.3373046875
3 0.695361328125 0.554541015625 0.11337890625 0.15341796875
5 0.56494140625 0.69677734375 0.169140625 0.1732421875
3 0.683642578125 0.7119628906250001 0.09990234375 0.20966796875
6 0.7666503906250001 0.595263671875 0.13642578125 0.57138671875
3 0.6341796875 0.7986328125000001 0.13046875 0.1302734375
2 0.8781249999999999 0.749658203125 0.1599609375 0.17587890625
7 0.587646484375 0.852880859375 0.82412109375 0.29365234375
