3 0.5994140625 0.892822265625 0.2265625 0.21376953125
6 0.7313476562500001 0.635009765625 0.4017578125 0.32958984375
1 0.87783203125 0.762255859375 0.24375 0.36630859375
1 0.15791015625 0.591357421875 0.3158203125 0.36728515625
7 0.464599609375 0.15205078125 0.49931640625 0.3041015625
7 0.754833984375 0.196533203125 0.43154296875 0.39306640625
5 0.89150390625 0.12939453125 0.215625 0.0568359375
7 0.85263671875 0.291064453125 0.2939453125 0.58212890625
6 0.461669921875 0.49404296875000003 0.73349609375 0.5109375
7 0.21396484375 0.207080078125 0.4279296875 0.41416015625
