1 0.853955078125 0.5654296875 0.29169921875 0.868359375
1 0.499853515625 0.499853515625 0.99970703125 0.99970703125
1 0.879052734375 0.880419921875 0.24130859375 0.23837890625
1 0.725927734375 0.379296875 0.05009765625 0.0634765625
0 0.7938964843749999 0.405908203125 0.17412109375 0.26552734375
1 0.32626953124999997 0.645703125 0.5642578125 0.444140625
4 0.61611328125 0.59560546875 0.1736328125 0.3201171875
7 0.562939453125 0.805029296875 0.41298828125 0.25166015625
0 0.20849609375 0.602392578125 0.0751953125 0.07705078125
5 0.093505859375 0.587353515625 0.18701171875 0.52646484375
7 0.10458984375 0.445654296875 0.206640625 0.20869140625
5 0.47548828125 0.327734375 0.628515625 0.3478515625
2 0.417626953125 0.611767578125 0.17958984375 0.19970703125
