1 0.132275390625 0.339208984375 0.10322265625 0.07568359375
1 0.5460937499999999 0.58505859375 0.90703125 0.1572265625
1 0.530615234375 0.57607421875 0.86806640625 0.164453125
1 0.4947265625 0.57236328125 0.7103515625 0.12578125
1 0.44145507812499996 0.5728027343750001 0.20634765625 0.04287109375
1 0.8310546875 0.547900390625 0.3373046875 0.06845703125
1 0.533935546875 0.5628906250000001 0.20537109375 0.039453125
1 0.891650390625 0.52705078125 0.12333984375 0.0138671875
1 0.74912109375 0.525 0.5009765625 0.0828125
1 0.7471679687499999 0.51962890625 0.4302734375 0.11015625
1 0.78623046875 0.47890625 0.3330078125 0.13984375
1 0.48544921874999997 0.48994140625000004 0.9021484375 0.1515625
1 0.55673828125 0.446923828125 0.71796875 0.13544921875
1 0.42509765625 0.322216796875 0.0638671875 0.03076171875
0 0.09091796875 0.57734375 0.1818359375 0.0634765625
