7 0.452734375 0.37236328125 0.1474609375 0.0865234375
7 0.557568359375 0.481689453125 0.22353515625 0.32392578125
3 0.5342285156250001 0.35732421875 0.02021484375 0.044921875
3 0.56396484375 0.391455078125 0.03671875 0.02900390625
3 0.46103515624999997 0.36767578125 0.0443359375 0.03203125
5 0.47822265625000004 0.43124999999999997 0.0958984375 0.0525390625
1 0.47109375000000003 0.443701171875 0.05390625 0.04365234375
1 0.529638671875 0.460546875 0.09228515625 0.0451171875
1 0.729150390625 0.4541015625 0.28837890625 0.2390625
1 0.6625488281249999 0.43125 0.15439453125 0.1701171875
5 0.66298828125 0.440771484375 0.0701171875 0.09970703125
5 0.6933105468749999 0.43232421875 0.10751953125 0.09921875
1 0.406103515625 0.6092773437500001 0.30888671875 0.4283203125
1 0.276611328125 0.544677734375 0.52216796875 0.46728515625
7 0.02626953125 0.7505859375 0.0525390625 0.046875
0 0.3771484375 0.7080078125 0.340234375 0.138671875
