3 0.37973632812499997 0.3125 0.18251953125 0.083984375
4 0.8319824218749999 0.47109375 0.24228515625 0.3845703125
4 0.610888671875 0.615283203125 0.20634765625 0.66240234375
4 0.769580078125 0.7719238281249999 0.34970703125 0.35478515625
0 0.166650390625 0.68154296875 0.33330078125 0.4232421875
5 0.284521484375 0.9125488281249999 0.13544921875 0.04599609375
5 0.16347656249999998 0.905126953125 0.1349609375 0.05224609375
5 0.057763671875 0.88759765625 0.11552734375 0.0734375
1 0.11259765625 0.7865722656249999 0.2251953125 0.12998046875
4 0.402099609375 0.6336425781249999 0.25400390625 0.61708984375
