1 0.692431640625 0.1806640625 0.18603515625 0.25625
1 0.695068359375 0.45371093749999997 0.06123046875 0.06484375
1 0.74951171875 0.507958984375 0.1294921875 0.13291015625
1 0.600927734375 0.36440429687500003 0.21728515625 0.21689453125
1 0.41962890625000004 0.83046875 0.262890625 0.314453125
7 0.456982421875 0.464111328125 0.06767578125 0.04794921875
6 0.353857421875 0.5681640625 0.20068359375 0.239453125
6 0.296533203125 0.382763671875 0.30634765625 0.40380859375
0 0.27197265625 0.382080078125 0.1322265625 0.18349609375
1 0.59248046875 0.607275390625 0.3208984375 0.35615234375
1 0.5580078125 0.502001953125 0.1958984375 0.05029296875
6 0.6537109375 0.579833984375 0.0966796875 0.10087890625
1 0.581640625 0.520166015625 0.1939453125 0.12099609375
6 0.614599609375 0.579736328125 0.06201171875 0.06220703125
1 0.54833984375 0.587158203125 0.137890625 0.14580078125
