1 0.587158203125 0.531494140625 0.62529296875 0.33681640625
1 0.31796875 0.67021484375 0.6359375 0.4615234375
1 0.304248046875 0.667138671875 0.08271484375 0.05009765625
1 0.369580078125 0.6706054687499999 0.32705078125 0.1919921875
1 0.462353515625 0.380224609375 0.47822265625 0.32490234375
1 0.46728515625 0.3689453125 0.4900390625 0.3365234375
1 0.60830078125 0.2482421875 0.34296875 0.3337890625
1 0.43056640625 0.248779296875 0.4060546875 0.24755859375
1 0.73115234375 0.45297851562499997 0.08203125 0.16494140625
1 0.682177734375 0.30341796875 0.29033203125 0.387109375
1 0.80029296875 0.28876953125000004 0.3373046875 0.3052734375
1 0.78076171875 0.21826171875 0.273828125 0.1662109375
1 0.7126953125 0.162353515625 0.4345703125 0.20263671875
1 0.64052734375 0.1185546875 0.2599609375 0.1185546875
1 0.377978515625 0.1888671875 0.23681640625 0.1103515625
