0 0.368017578125 0.54677734375 0.24736328125 0.127734375
1 0.38173828125 0.45546875000000003 0.1279296875 0.085546875
7 0.66123046875 0.60146484375 0.1259765625 0.1974609375
1 0.416064453125 0.39599609375 0.01259765625 0.044921875
1 0.38759765625 0.3681640625 0.0515625 0.1009765625
1 0.371533203125 0.37333984375 0.03935546875 0.091015625
7 0.427392578125 0.7297851562500001 0.10087890625 0.1525390625
1 0.6007324218750001 0.616552734375 0.09755859375 0.08583984375
5 0.520703125 0.618603515625 0.1888671875 0.07294921875
7 0.650146484375 0.701025390625 0.02314453125 0.06572265625
7 0.6777832031250001 0.691845703125 0.07509765625 0.10537109375
7 0.567626953125 0.7418945312499999 0.26552734375 0.2408203125
0 0.341943359375 0.77861328125 0.06279296875 0.044921875
7 0.256982421875 0.731201171875 0.17197265625 0.21181640625
1 0.60634765625 0.515771484375 0.0162109375 0.04931640625
1 0.436474609375 0.512548828125 0.10849609375 0.10986328125
1 0.44873046875 0.47939453125 0.0787109375 0.0625
1 0.44248046874999997 0.393603515625 0.088671875 0.15029296875
1 0.440185546875 0.32563476562500004 0.08134765625 0.13544921875
