5 0.15234375 0.6693847656249999 0.1015625 0.07138671875
1 0.894140625 0.6267578125 0.2109375 0.4970703125
1 0.7999511718750001 0.30390625 0.39951171875 0.4044921875
1 0.559521484375 0.511328125 0.83798828125 0.5220703125
1 0.495654296875 0.383984375 0.50458984375 0.3546875
1 0.386767578125 0.13466796875 0.44150390625 0.2693359375
1 0.743896484375 0.054541015625 0.51162109375 0.10810546875
1 0.43056640625 0.0578125 0.125 0.08828125
1 0.30478515625 0.046142578125 0.185546875 0.09228515625
1 0.216943359375 0.398193359375 0.02646484375 0.09150390625
