9 0.660400390625 0.37451171875 0.43388671875 0.7490234375
1 0.5451171875 0.7889648437500001 0.1736328125 0.0560546875
0 0.283203125 0.6996093750000001 0.3845703125 0.4458984375
1 0.598583984375 0.7557128906249999 0.07275390625 0.06943359375
1 0.36079101562500004 0.583984375 0.22685546875 0.31328125
1 0.42475585937500004 0.323486328125 0.30986328125 0.26611328125
1 0.511279296875 0.7002441406250001 0.13623046875 0.18330078125
0 0.237060546875 0.67783203125 0.03505859375 0.14140625
0 0.243896484375 0.768310546875 0.09228515625 0.06845703125
1 0.225830078125 0.57392578125 0.07080078125 0.1552734375
6 0.1326171875 0.8015625 0.265234375 0.1533203125
1 0.23066406250000002 0.95966796875 0.1755859375 0.080078125
2 0.190625 0.9265625000000001 0.0849609375 0.0541015625
1 0.16552734375 0.61005859375 0.05390625 0.10859375
1 0.153759765625 0.67919921875 0.05224609375 0.09296875
1 0.2013671875 0.56474609375 0.0529296875 0.1919921875
1 0.227197265625 0.508935546875 0.10517578125 0.32490234375
9 0.5244140625 0.8728515625 0.2896484375 0.171875
