1 0.046142578125 0.55625 0.09228515625 0.3267578125
5 0.04462890625 0.471923828125 0.0873046875 0.15478515625
7 0.031494140625 0.5467773437500001 0.06298828125 0.28671875
5 0.1861328125 0.36826171875 0.0890625 0.1259765625
7 0.096484375 0.479638671875 0.19296875 0.39716796875
5 0.456298828125 0.430517578125 0.18154296875 0.26982421875
5 0.504345703125 0.139404296875 0.14208984375 0.13388671875
0 0.211669921875 0.29169921875 0.09599609375 0.1421875
1 0.638037109375 0.365966796875 0.03798828125 0.12138671875
0 0.522119140625 0.956640625 0.09326171875 0.0859375
3 0.04267578125 0.83896484375 0.0853515625 0.148828125
