5 0.644970703125 0.133642578125 0.04189453125 0.15673828125
7 0.7787109375000001 0.078515625 0.2259765625 0.15703125
1 0.805810546875 0.413037109375 0.04365234375 0.17392578125
1 0.8150390625 0.399658203125 0.0734375 0.14716796875
0 0.8474609375000001 0.32568359375 0.1046875 0.0634765625
6 0.72333984375 0.20375976562499998 0.1748046875 0.18720703125
0 0.740478515625 0.20302734375 0.05478515625 0.1765625
0 0.777099609375 0.20205078125 0.06220703125 0.1931640625
1 0.561865234375 0.26884765625 0.05830078125 0.0396484375
1 0.6443359375000001 0.474169921875 0.0119140625 0.06416015625
7 0.695703125 0.626171875 0.1130859375 0.2265625
1 0.72578125 0.419921875 0.15546875 0.2671875
1 0.85986328125 0.12783203125 0.058984375 0.1974609375
1 0.864599609375 0.736767578125 0.25146484375 0.46162109375
1 0.915673828125 0.6980468750000001 0.04912109375 0.0529296875
1 0.86796875 0.6140625000000001 0.14609375 0.1712890625
1 0.7837890625 0.57177734375 0.03046875 0.0701171875
1 0.8928710937500001 0.57490234375 0.0267578125 0.0439453125
4 0.893896484375 0.72666015625 0.06103515625 0.0916015625
0 0.418212890625 0.343798828125 0.05458984375 0.04599609375
7 0.24936523437500002 0.31875 0.34599609375 0.5462890625
1 0.880224609375 0.68701171875 0.18056640625 0.194140625
0 0.89833984375 0.16552734375 0.07734375 0.3310546875
1 0.597607421875 0.346875 0.22939453125 0.2486328125
1 0.54091796875 0.51650390625 0.1984375 0.506640625
0 0.015380859375 0.73857421875 0.03076171875 0.1484375
