7 0.409912109375 0.047265625 0.35087890625 0.09453125
7 0.870556640625 0.11630859375 0.25830078125 0.2326171875
7 0.716064453125 0.08037109375 0.36337890625 0.1607421875
1 0.76962890625 0.25283203125 0.2939453125 0.2224609375
7 0.8534667968749999 0.264990234375 0.19638671875 0.07021484375
7 0.749365234375 0.20859375 0.07080078125 0.1572265625
7 0.88330078125 0.391943359375 0.2328125 0.24228515625
7 0.532080078125 0.197021484375 0.39091796875 0.31376953125
0 0.735009765625 0.8576171875 0.07177734375 0.044140625
7 0.87841796875 0.79599609375 0.2423828125 0.3787109375
1 0.905126953125 0.55859375 0.18916015625 0.15546875
2 0.7884765625000001 0.28505859375 0.090234375 0.070703125
6 0.570751953125 0.615234375 0.55888671875 0.5568359375
2 0.8311523437499999 0.275634765625 0.0611328125 0.06220703125
0 0.65361328125 0.717529296875 0.288671875 0.08427734375
0 0.63525390625 0.648779296875 0.123046875 0.19794921875
