6 0.635986328125 0.2630859375 0.29931640625 0.3158203125
7 0.159228515625 0.39560546875 0.24755859375 0.4771484375
0 0.205419921875 0.239697265625 0.13544921875 0.11572265625
0 0.637548828125 0.746728515625 0.04541015625 0.02451171875
0 0.227685546875 0.73896484375 0.45537109375 0.521484375
1 0.42705078125 0.547509765625 0.6884765625 0.82841796875
6 0.5466796875 0.46323242187499997 0.0669921875 0.10380859375
7 0.39287109374999996 0.5376953125 0.305078125 0.33203125
7 0.44892578125 0.61142578125 0.0376953125 0.049609375
0 0.6064453125 0.84833984375 0.117578125 0.228515625
7 0.7039550781249999 0.6349609374999999 0.08408203125 0.2017578125
4 0.88095703125 0.227880859375 0.04609375 0.03837890625
0 0.49638671875 0.8465820312500001 0.081640625 0.234765625
