0 0.617919921875 0.517041015625 0.05830078125 0.16767578125
1 0.48447265625 0.695654296875 0.0458984375 0.04072265625
1 0.431396484375 0.84404296875 0.03994140625 0.0572265625
7 0.49951171875 0.168212890625 0.0669921875 0.10087890625
0 0.04951171875 0.8568359375 0.0736328125 0.0654296875
3 0.0298828125 0.890380859375 0.059765625 0.07705078125
5 0.640625 0.327880859375 0.0798828125 0.16103515625
1 0.7762695312500001 0.578857421875 0.347265625 0.74111328125
1 0.80849609375 0.35234375 0.3630859375 0.3072265625
7 0.81328125 0.369873046875 0.09375 0.08701171875
7 0.54638671875 0.28544921874999996 0.2142578125 0.28046875
7 0.6289550781250001 0.8978515625 0.08974609375 0.1025390625
