1 0.0919921875 0.087646484375 0.183984375 0.17529296875
1 0.482861328125 0.837744140625 0.24755859375 0.32373046875
5 0.667041015625 0.8294921875000001 0.58759765625 0.340234375
7 0.687548828125 0.6177734375 0.09970703125 0.174609375
7 0.207958984375 0.5234375 0.09052734375 0.3048828125
7 0.30356445312499997 0.337646484375 0.11455078125 0.24599609375
7 0.42724609375 0.658935546875 0.3787109375 0.68154296875
7 0.54833984375 0.393896484375 0.4861328125 0.68720703125
0 0.6796386718749999 0.9055664062500001 0.08603515625 0.1359375
1 0.0146484375 0.12763671875 0.029296875 0.09921875
0 0.07734375 0.012255859375 0.055078125 0.02451171875
