7 0.49687499999999996 0.5455078125 0.75625 0.762109375
5 0.75927734375 0.366552734375 0.16796875 0.27529296875
7 0.769189453125 0.479345703125 0.14619140625 0.37724609375
7 0.221728515625 0.4798828125 0.07900390625 0.0505859375
7 0.318115234375 0.44570312500000003 0.07802734375 0.0396484375
7 0.3310546875 0.54072265625 0.3181640625 0.1662109375
6 0.49951171875 0.501318359375 0.3416015625 0.24677734375
5 0.612255859375 0.34384765624999997 0.17822265625 0.10390625
7 0.456640625 0.522265625 0.6236328125 0.4017578125
2 0.57568359375 0.41396484375 0.1798828125 0.0908203125
5 0.432177734375 0.26279296875 0.13291015625 0.109375
5 0.500830078125 0.307666015625 0.36279296875 0.17587890625
7 0.576708984375 0.598046875 0.08798828125 0.046875
0 0.48378906250000003 0.388916015625 0.5734375 0.33876953125
