7 0.749609375 0.408349609375 0.1525390625 0.32470703125
7 0.59716796875 0.392333984375 0.246484375 0.48642578125
7 0.303564453125 0.444873046875 0.23466796875 0.26748046875
7 0.430712890625 0.4765625 0.21005859375 0.2943359375
5 0.28251953125 0.5519531249999999 0.0541015625 0.04765625
5 0.5923339843750001 0.6218750000000001 0.07314453125 0.2318359375
5 0.256103515625 0.601220703125 0.03544921875 0.05888671875
7 0.24345703124999998 0.728662109375 0.0607421875 0.05126953125
5 0.220703125 0.66884765625 0.03671875 0.07109375
0 0.431787109375 0.772705078125 0.40478515625 0.43818359375
5 0.668212890625 0.82060546875 0.06103515625 0.24765625
0 0.37070312499999997 0.33120117187500003 0.0330078125 0.04462890625
5 0.392138671875 0.35478515625 0.06494140625 0.036328125
5 0.456494140625 0.315625 0.07412109375 0.0525390625
