0 0.056884765625 0.480712890625 0.11376953125 0.16240234375
0 0.166015625 0.45356445312500004 0.1130859375 0.13935546875
0 0.244775390625 0.949658203125 0.22822265625 0.07294921875
0 0.121044921875 0.7991210937500001 0.24208984375 0.294140625
7 0.13232421875 0.660302734375 0.1177734375 0.18076171875
0 0.3490234375 0.5900390625 0.2166015625 0.126953125
5 0.138916015625 0.5681640625 0.05556640625 0.0322265625
5 0.09580078125 0.55810546875 0.09296875 0.0736328125
0 0.121337890625 0.6227539062499999 0.23408203125 0.0818359375
5 0.39189453124999996 0.408984375 0.523828125 0.3794921875
7 0.2234375 0.6430175781249999 0.11015625 0.09697265625
0 0.7384765625 0.214892578125 0.291015625 0.20908203125
0 0.31337890625 0.461376953125 0.3515625 0.26806640625
5 0.4033203125 0.706494140625 0.6001953125 0.41943359375
0 0.69306640625 0.37812500000000004 0.2896484375 0.37578125
0 0.302734375 0.7767578125 0.3296875 0.2693359375
7 0.46259765625 0.892333984375 0.3921875 0.21474609375
