7 0.92265625 0.4298828125 0.1533203125 0.2513671875
7 0.714990234375 0.26552734375 0.30302734375 0.5310546875
7 0.47905273437499996 0.363427734375 0.28447265625 0.59853515625
7 0.7209960937500001 0.530908203125 0.20234375 0.44013671875
7 0.61025390625 0.627783203125 0.2140625 0.52216796875
7 0.341015625 0.453076171875 0.15078125 0.25400390625
7 0.169873046875 0.5443359375 0.22119140625 0.4404296875
7 0.224072265625 0.74599609375 0.22841796875 0.5072265625
7 0.41396484375 0.7490234375 0.242578125 0.45703125
4 0.39404296875 0.677587890625 0.090234375 0.08330078125
7 0.487939453125 0.132470703125 0.06669921875 0.03076171875
