1 0.1796875 0.43979492187499997 0.2443359375 0.32802734375
0 0.202734375 0.495654296875 0.0369140625 0.05087890625
0 0.21953125 0.558251953125 0.0302734375 0.04169921875
1 0.37421875 0.52451171875 0.3244140625 0.558203125
1 0.389990234375 0.407470703125 0.12529296875 0.21630859375
0 0.37309570312499996 0.493212890625 0.03740234375 0.05322265625
1 0.58583984375 0.601171875 0.4384765625 0.7037109375
7 0.8251953125 0.625927734375 0.34921875 0.52177734375
7 0.84130859375 0.868505859375 0.3169921875 0.26220703125
0 0.285595703125 0.525634765625 0.14853515625 0.42158203125
0 0.50087890625 0.7201171875000001 0.0552734375 0.3052734375
