0 0.273974609375 0.22402343749999998 0.17783203125 0.1802734375
0 0.2642578125 0.080029296875 0.252734375 0.16005859375
6 0.39389648437499997 0.267236328125 0.14833984375 0.18056640625
6 0.533447265625 0.27265625 0.03818359375 0.0916015625
6 0.46884765625 0.27568359375 0.1525390625 0.12734375
6 0.70458984375 0.398095703125 0.194921875 0.29560546875
6 0.6381347656249999 0.470849609375 0.20439453125 0.31083984375
6 0.524951171875 0.50087890625 0.26318359375 0.4064453125
6 0.37958984375 0.57890625 0.351953125 0.461328125
6 0.2880859375 0.68916015625 0.2546875 0.5171875
0 0.49150390625 0.519482421875 0.5029296875 0.56416015625
0 0.13603515625 0.77099609375 0.2720703125 0.4560546875
0 0.174755859375 0.7001953125 0.04833984375 0.0162109375
0 0.10097656249999999 0.574951171875 0.0357421875 0.02216796875
