0 0.657373046875 0.02109375 0.11044921875 0.0421875
7 0.5451171875 0.039892578125 0.086328125 0.05654296875
5 0.6246093749999999 0.0326171875 0.1236328125 0.0533203125
0 0.5452636718749999 0.07016601562500001 0.05087890625 0.02177734375
7 0.59326171875 0.16342773437500002 0.265234375 0.25400390625
0 0.602880859375 0.022705078125 0.08466796875 0.04541015625
0 0.616064453125 0.368212890625 0.34189453125 0.23388671875
0 0.7670410156249999 0.5142578125 0.15439453125 0.0578125
0 0.764404296875 0.4939453125 0.14716796875 0.0697265625
7 0.49521484374999997 0.4509765625 0.172265625 0.0716796875
7 0.512353515625 0.437353515625 0.09619140625 0.01611328125
7 0.65029296875 0.57568359375 0.0849609375 0.1478515625
7 0.74443359375 0.59609375 0.1435546875 0.1619140625
1 0.60751953125 0.5931640625 0.0529296875 0.1103515625
1 0.3791015625 0.826953125 0.4580078125 0.253515625
0 0.5451171875 0.82119140625 0.0658203125 0.0421875
1 0.542529296875 0.781640625 0.08564453125 0.023046875
1 0.5841796874999999 0.798095703125 0.0181640625 0.10322265625
1 0.47651367187500004 0.713134765625 0.29033203125 0.14111328125
1 0.38359374999999996 0.789794921875 0.2638671875 0.09345703125
1 0.5173828125 0.496923828125 0.206640625 0.08408203125
1 0.244189453125 0.751806640625 0.09228515625 0.07314453125
1 0.35434570312499997 0.795361328125 0.12138671875 0.04462890625
2 0.30024414062500004 0.8045898437500001 0.04560546875 0.0228515625
2 0.35400390625 0.7837890624999999 0.0611328125 0.0669921875
0 0.418994140625 0.795947265625 0.05419921875 0.04833984375
1 0.455419921875 0.790771484375 0.06220703125 0.05927734375
1 0.468115234375 0.816357421875 0.04462890625 0.01162109375
0 0.3740234375 0.77880859375 0.0978515625 0.0818359375
0 0.373876953125 0.7551757812500001 0.11142578125 0.0267578125
1 0.3673828125 0.61552734375 0.484765625 0.3015625
