0 0.84990234375 0.41982421875 0.299609375 0.2357421875
6 0.523974609375 0.292333984375 0.35419921875 0.24931640625
1 0.98193359375 0.51025390625 0.0353515625 0.0978515625
1 0.9689453125 0.5537109375 0.0615234375 0.055859375
1 0.9625 0.5732421875 0.0744140625 0.0525390625
7 0.94638671875 0.628759765625 0.1064453125 0.07900390625
1 0.503271484375 0.6271484375 0.88623046875 0.5572265625
7 0.338427734375 0.702001953125 0.54267578125 0.38623046875
7 0.167138671875 0.879248046875 0.33427734375 0.24072265625
0 0.3751953125 0.8903320312499999 0.5095703125 0.2185546875
