7 0.04736328125 0.007763671875 0.0947265625 0.01552734375
7 0.038330078125 0.2271484375 0.07666015625 0.2056640625
7 0.11420898437499999 0.2486328125 0.09794921875 0.0958984375
6 0.2333984375 0.257275390625 0.2490234375 0.17392578125
6 0.12861328125 0.1076171875 0.2572265625 0.1927734375
6 0.11728515625 0.006591796875 0.15078125 0.01318359375
6 0.31611328125 0.088623046875 0.1947265625 0.17724609375
7 0.531884765625 0.028955078125 0.24228515625 0.05791015625
7 0.714013671875 0.103857421875 0.10615234375 0.20771484375
6 0.1322265625 0.51162109375 0.231640625 0.407421875
6 0.244091796875 0.51123046875 0.19697265625 0.409375
6 0.3814453125 0.29931640625 0.09375 0.1712890625
6 0.30751953125 0.59609375 0.15625 0.4474609375
6 0.38935546875000004 0.6072753906249999 0.2068359375 0.45205078125
6 0.47919921875000004 0.6138671874999999 0.0744140625 0.3607421875
6 0.5853515625 0.618408203125 0.2068359375 0.33798828125
0 0.218212890625 0.51044921875 0.13388671875 0.4064453125
6 0.815380859375 0.4904296875 0.27900390625 0.605859375
0 0.493896484375 0.374560546875 0.79287109375 0.08701171875
7 0.5697265625 0.234130859375 0.435546875 0.45966796875
0 0.9719726562500001 0.276513671875 0.055078125 0.05361328125
0 0.091455078125 0.6263671875 0.11337890625 0.1541015625
0 0.403759765625 0.7561523437500001 0.12646484375 0.0333984375
0 0.724609375 0.6224609375 0.0578125 0.3435546875
