5 0.47797851562500004 0.610595703125 0.79990234375 0.56494140625
0 0.841552734375 0.8871582031249999 0.31611328125 0.10263671875
0 0.86328125 0.801171875 0.047265625 0.054296875
5 0.259375 0.31484375 0.2423828125 0.3712890625
1 0.19511718749999998 0.49453125 0.0443359375 0.029296875
5 0.335009765625 0.49721679687500003 0.26591796875 0.10908203125
5 0.6479980468750001 0.43740234375 0.12861328125 0.1912109375
7 0.630126953125 0.268701171875 0.47451171875 0.26708984375
5 0.758447265625 0.38369140625 0.13720703125 0.174609375
7 0.768798828125 0.467626953125 0.08330078125 0.06025390625
7 0.6840332031249999 0.488525390625 0.17294921875 0.10791015625
7 0.374365234375 0.31547851562499996 0.04169921875 0.07939453125
7 0.47353515625000003 0.41337890624999996 0.308203125 0.2765625
7 0.82421875 0.427734375 0.05390625 0.1029296875
0 0.027099609375 0.112548828125 0.05361328125 0.02177734375
