5 0.17998046875 0.274462890625 0.1591796875 0.02021484375
7 0.056591796875 0.32221679687500004 0.11318359375 0.11396484375
7 0.18662109375000002 0.40839843750000004 0.2662109375 0.2833984375
7 0.51953125 0.14140625 0.1466796875 0.2828125
1 0.235107421875 0.1328125 0.47021484375 0.265625
1 0.0837890625 0.4505859375 0.167578125 0.35390625
1 0.009716796875 0.43593750000000003 0.01943359375 0.0841796875
1 0.035693359375 0.44252929687500003 0.04599609375 0.07294921875
7 0.773291015625 0.320751953125 0.45283203125 0.64150390625
0 0.6328125 0.272021484375 0.12734375 0.04580078125
7 0.43759765625 0.50341796875 0.5673828125 0.4919921875
5 0.215478515625 0.313720703125 0.04833984375 0.03408203125
1 0.18422851562499998 0.27265625000000004 0.06455078125 0.0158203125
1 0.593310546875 0.3158203125 0.06455078125 0.017578125
0 0.68837890625 0.39228515625 0.066015625 0.11484375
0 0.54296875 0.6811035156249999 0.16171875 0.06572265625
0 0.5976074218749999 0.5925781250000001 0.18486328125 0.1486328125
0 0.436474609375 0.411865234375 0.15244140625 0.19658203125
