7 0.83828125 0.210595703125 0.1884765625 0.27177734375
1 0.717431640625 0.305712890625 0.11982421875 0.17490234375
1 0.828466796875 0.506591796875 0.34248046875 0.42587890625
7 0.185009765625 0.779541015625 0.20986328125 0.23837890625
7 0.26933593749999996 0.8794921875 0.1671875 0.2404296875
7 0.162744140625 0.89912109375 0.11611328125 0.114453125
2 0.0416015625 0.88759765625 0.0578125 0.09921875
2 0.097900390625 0.9544921875000001 0.07783203125 0.0658203125
7 0.297705078125 0.4646484375 0.27802734375 0.640234375
1 0.673095703125 0.506640625 0.13193359375 0.0548828125
5 0.31948242187500003 0.8076660156250001 0.03720703125 0.04267578125
1 0.54794921875 0.7076660156250001 0.580078125 0.44443359375
1 0.855615234375 0.362744140625 0.16416015625 0.08798828125
2 0.7998046875 0.391357421875 0.095703125 0.09951171875
5 0.88974609375 0.42348632812500003 0.111328125 0.19345703125
