3 0.882861328125 0.394677734375 0.23388671875 0.78935546875
0 0.768115234375 0.360791015625 0.29814453125 0.36181640625
5 0.443701171875 0.55107421875 0.09326171875 0.48515625
4 0.5572265625 0.479150390625 0.12578125 0.17060546875
4 0.6327148437500001 0.661376953125 0.1517578125 0.45634765625
4 0.49887695312499997 0.732275390625 0.13564453125 0.39580078125
2 0.311181640625 0.8751464843750001 0.19423828125 0.09755859375
2 0.30947265625 0.858349609375 0.194921875 0.09228515625
2 0.3083984375 0.83994140625 0.19765625 0.092578125
2 0.307568359375 0.821142578125 0.19794921875 0.09130859375
2 0.306689453125 0.802880859375 0.19912109375 0.08798828125
2 0.3060546875 0.782861328125 0.2013671875 0.08896484375
2 0.30478515625 0.7640625000000001 0.20234375 0.086328125
2 0.30380859375 0.744580078125 0.20390625 0.08369140625
2 0.30361328125 0.725244140625 0.20390625 0.08134765625
2 0.30244140625 0.7056640625 0.205078125 0.07734375
2 0.302783203125 0.687353515625 0.20634765625 0.07568359375
2 0.3025390625 0.6672851562500001 0.2078125 0.075390625
2 0.302294921875 0.64619140625 0.20927734375 0.075390625
2 0.301416015625 0.626171875 0.21005859375 0.0724609375
2 0.301123046875 0.6057617187500001 0.21083984375 0.06875
2 0.3001953125 0.584375 0.2130859375 0.0681640625
2 0.29970703125 0.564306640625 0.2140625 0.06513671875
2 0.299462890625 0.54228515625 0.21650390625 0.0654296875
2 0.29775390625 0.521435546875 0.21796875 0.06279296875
2 0.297607421875 0.49985351562499997 0.21826171875 0.05791015625
2 0.297021484375 0.4771484375 0.22099609375 0.0548828125
2 0.296728515625 0.45351562500000003 0.22294921875 0.05390625
2 0.29541015625 0.43076171875 0.22421875 0.051953125
2 0.294580078125 0.407275390625 0.22548828125 0.04931640625
2 0.29287109375 0.38339843749999997 0.226171875 0.047265625
2 0.2904296875 0.20253906249999998 0.2287109375 0.3587890625
