1 0.73544921875 0.081689453125 0.0275390625 0.04033203125
1 0.744189453125 0.278564453125 0.28251953125 0.36806640625
5 0.73037109375 0.179931640625 0.080859375 0.02646484375
1 0.75908203125 0.5201660156250001 0.28203125 0.44443359375
1 0.787841796875 0.377490234375 0.27509765625 0.47978515625
1 0.8232421875 0.38818359375 0.15546875 0.11640625
6 0.34897460937499997 0.7314941406250001 0.55302734375 0.07998046875
6 0.341162109375 0.506787109375 0.58408203125 0.40771484375
3 0.037353515625 0.55126953125 0.03251953125 0.066796875
5 0.00732421875 0.29150390625 0.0146484375 0.051953125
1 0.030029296875 0.17294921875 0.06005859375 0.0595703125
