4 0.7430664062500001 0.057861328125 0.08828125 0.11572265625
4 0.107275390625 0.73046875 0.11083984375 0.52578125
4 0.24951171875 0.715087890625 0.101171875 0.51689453125
4 0.3724609375 0.712939453125 0.090234375 0.49599609375
4 0.489501953125 0.70810546875 0.08759765625 0.49765625
4 0.6060546875 0.69658203125 0.0900390625 0.4970703125
4 0.32119140625000003 0.320068359375 0.1037109375 0.48876953125
4 0.44208984375000004 0.3146484375 0.091015625 0.4943359375
4 0.842138671875 0.063671875 0.09501953125 0.12734375
4 0.67431640625 0.329833984375 0.09375 0.45869140625
4 0.787158203125 0.333837890625 0.09521484375 0.46396484375
4 0.978515625 0.14814453125 0.0423828125 0.2962890625
4 0.979248046875 0.477685546875 0.04091796875 0.28935546875
