6 0.69833984375 0.10927734375 0.1212890625 0.2185546875
6 0.7083496093749999 0.239599609375 0.25498046875 0.47919921875
6 0.765966796875 0.3673828125 0.46748046875 0.734765625
6 0.83193359375 0.008447265625 0.0890625 0.01689453125
6 0.45004882812499997 0.7986328125 0.38466796875 0.4021484375
6 0.372509765625 0.635400390625 0.27626953125 0.28271484375
6 0.368798828125 0.46923828125 0.21474609375 0.2056640625
0 0.34853515625 0.54169921875 0.2546875 0.265234375
6 0.28525390625 0.2455078125 0.34921875 0.4751953125
0 0.796728515625 0.48642578125 0.03798828125 0.126953125
0 0.8944824218749999 0.336474609375 0.05380859375 0.07041015625
0 0.834716796875 0.20283203125000002 0.16044921875 0.3111328125
0 0.9440429687499999 0.07998046875 0.0955078125 0.1541015625
0 0.2896484375 0.299560546875 0.3392578125 0.35048828125
