6 0.534912109375 0.482470703125 0.07685546875 0.12900390625
1 0.16240234375 0.572265625 0.2380859375 0.0572265625
6 0.444091796875 0.40424804687500004 0.07666015625 0.24638671875
6 0.24443359374999998 0.38457031249999996 0.0607421875 0.088671875
6 0.3873046875 0.4029296875 0.3197265625 0.1154296875
6 0.382177734375 0.471728515625 0.30302734375 0.10947265625
6 0.3404296875 0.36044921874999997 0.138671875 0.088671875
6 0.4853515625 0.312353515625 0.1205078125 0.14521484375
7 0.362060546875 0.526953125 0.20634765625 0.2251953125
7 0.3662109375 0.29560546875000004 0.2150390625 0.1541015625
6 0.4775390625 0.6756347656249999 0.122265625 0.17197265625
7 0.80458984375 0.848876953125 0.11015625 0.06748046875
7 0.69345703125 0.696875 0.341796875 0.3349609375
5 0.01240234375 0.4396484375 0.0248046875 0.077734375
5 0.135400390625 0.181494140625 0.04658203125 0.10908203125
