7 0.898046875 0.948095703125 0.2013671875 0.10322265625
6 0.56474609375 0.807177734375 0.55703125 0.28701171875
7 0.698095703125 0.9703613281250001 0.16396484375 0.05849609375
5 0.61865234375 0.965966796875 0.1296875 0.06748046875
0 0.39267578124999997 0.986474609375 0.043359375 0.02646484375
7 0.44497070312500003 0.962744140625 0.07294921875 0.07373046875
5 0.5181152343750001 0.9634765625 0.15029296875 0.0724609375
1 0.06743164062500001 0.98564453125 0.04560546875 0.028125
1 0.02763671875 0.9687011718749999 0.0552734375 0.06181640625
1 0.146875 0.924462890625 0.1478515625 0.15048828125
1 0.25771484375 0.945458984375 0.242578125 0.10849609375
6 0.5791015625 0.599267578125 0.5525390625 0.33271484375
