7 0.060498046875 0.0703125 0.12099609375 0.140625
7 0.07451171875 0.147021484375 0.1140625 0.08232421875
7 0.5133789062499999 0.343896484375 0.2232421875 0.12919921875
1 0.8959472656249999 0.40126953125 0.20732421875 0.2435546875
7 0.946630859375 0.542529296875 0.10615234375 0.15400390625
7 0.854833984375 0.5525878906249999 0.14619140625 0.10068359375
7 0.6669921875 0.6913574218749999 0.4966796875 0.37822265625
7 0.602294921875 0.46040039062500004 0.58427734375 0.34990234375
6 0.565283203125 0.43535156249999996 0.41240234375 0.153515625
6 0.56923828125 0.501318359375 0.3177734375 0.08505859375
