7 0.85693359375 0.431201171875 0.2857421875 0.39482421875
7 0.08671875 0.299951171875 0.0513671875 0.15810546875
7 0.0625 0.228369140625 0.125 0.36474609375
7 0.10703125 0.608984375 0.2140625 0.4685546875
7 0.245361328125 0.508251953125 0.33603515625 0.70107421875
0 0.13193359375 0.18837890624999998 0.06796875 0.043359375
0 0.138525390625 0.23046875 0.04541015625 0.0701171875
7 0.20263671875 0.170166015625 0.075390625 0.07705078125
7 0.690478515625 0.61396484375 0.15576171875 0.2556640625
7 0.801318359375 0.690771484375 0.27880859375 0.38623046875
2 0.72705078125 0.600537109375 0.091015625 0.11181640625
5 0.820654296875 0.6056640624999999 0.12744140625 0.2046875
7 0.771142578125 0.6875 0.22392578125 0.135546875
7 0.553173828125 0.4181640625 0.25029296875 0.28671875
7 0.50126953125 0.580322265625 0.3666015625 0.56611328125
2 0.371875 0.37958984375 0.048828125 0.066796875
7 0.43447265625 0.35927734375 0.033203125 0.0419921875
7 0.459716796875 0.3181640625 0.03896484375 0.097265625
7 0.47968750000000004 0.3365234375 0.044140625 0.060546875
6 0.952783203125 0.601513671875 0.09404296875 0.13818359375
