7 0.81064453125 0.491552734375 0.265625 0.37998046875
1 0.600439453125 0.437646484375 0.22568359375 0.28740234375
3 0.5091796875 0.55361328125 0.0525390625 0.0734375
7 0.615869140625 0.622216796875 0.34326171875 0.32705078125
1 0.110009765625 0.39399414062500004 0.11884765625 0.26884765625
1 0.16816406250000002 0.30126953125 0.0396484375 0.06015625
7 0.114306640625 0.342724609375 0.06943359375 0.08037109375
5 0.112255859375 0.343896484375 0.07216796875 0.07275390625
1 0.09794921875000001 0.413037109375 0.0412109375 0.07939453125
1 0.07778320312499999 0.476806640625 0.02353515625 0.05224609375
7 0.36103515625 0.3857421875 0.4189453125 0.5142578125
1 0.2095703125 0.62861328125 0.419140625 0.6302734375
0 0.189599609375 0.53173828125 0.09501953125 0.2123046875
0 0.08076171874999999 0.796435546875 0.1158203125 0.27744140625
0 0.24345703124999998 0.5966796875 0.153515625 0.3125
0 0.250048828125 0.42954101562499997 0.07490234375 0.05888671875
1 0.12451171875 0.35302734375 0.0486328125 0.060546875
