1 0.665185546875 0.024658203125 0.10283203125 0.04931640625
1 0.4955078125 0.081494140625 0.25234375 0.16298828125
1 0.57109375 0.12534179687500002 0.4212890625 0.15947265625
1 0.51533203125 0.3583984375 0.538671875 0.6037109375
1 0.31064453124999997 0.31064453125 0.0658203125 0.1341796875
1 0.423779296875 0.173828125 0.10283203125 0.0357421875
1 0.572412109375 0.152978515625 0.10849609375 0.03916015625
1 0.6888183593749999 0.193603515625 0.09189453125 0.04833984375
1 0.611083984375 0.18623046875000002 0.08134765625 0.04765625
1 0.503662109375 0.18017578125 0.13427734375 0.048828125
1 0.38886718750000004 0.660302734375 0.351171875 0.56572265625
1 0.32705078125 0.453466796875 0.2189453125 0.39306640625
1 0.308056640625 0.50185546875 0.05986328125 0.08359375
1 0.317919921875 0.50263671875 0.13525390625 0.298828125
1 0.29345703125 0.5940429687500001 0.0896484375 0.1185546875
1 0.3923828125 0.45205078125 0.1802734375 0.4189453125
1 0.588671875 0.51337890625 0.416015625 0.3015625
1 0.48291015625 0.5720703125 0.064453125 0.1828125
