0 0.967626953125 0.699853515625 0.06416015625 0.05302734375
7 0.97001953125 0.578515625 0.0591796875 0.237890625
7 0.7674804687500001 0.26435546875 0.1302734375 0.2609375
7 0.051416015625 0.576904296875 0.10283203125 0.21826171875
1 0.04296875 0.397216796875 0.0859375 0.27353515625
7 0.8075195312500001 0.54833984375 0.2876953125 0.3298828125
0 0.502001953125 0.865087890625 0.05087890625 0.04814453125
7 0.808544921875 0.769482421875 0.32470703125 0.30087890625
3 0.59384765625 0.8001953125000001 0.152734375 0.164453125
0 0.5322265625 0.898828125 0.1015625 0.044140625
0 0.612890625 0.7239746093749999 0.1140625 0.16416015625
0 0.6228515625 0.7710937499999999 0.03203125 0.066015625
5 0.811328125 0.376171875 0.1279296875 0.039453125
7 0.900146484375 0.368408203125 0.14814453125 0.11533203125
5 0.86025390625 0.351318359375 0.1583984375 0.04931640625
0 0.9122070312499999 0.412255859375 0.0552734375 0.04912109375
9 0.8697265625 0.409912109375 0.08203125 0.03916015625
0 0.8220703125 0.404736328125 0.0701171875 0.03271484375
