1 0.435546875 0.179541015625 0.4201171875 0.19970703125
1 0.449169921875 0.144677734375 0.45087890625 0.21201171875
7 0.633203125 0.33261718749999997 0.1626953125 0.1302734375
7 0.617626953125 0.42080078125 0.17861328125 0.37265625
7 0.421728515625 0.386083984375 0.33603515625 0.37861328125
7 0.83232421875 0.5763671875 0.3005859375 0.532421875
7 0.23427734375 0.7421875 0.4615234375 0.344921875
1 0.120947265625 0.649169921875 0.03447265625 0.03310546875
1 0.19765624999999998 0.580224609375 0.1314453125 0.23310546875
1 0.24272460937499998 0.604345703125 0.09150390625 0.17822265625
7 0.53310546875 0.68076171875 0.4318359375 0.4990234375
