6 0.504248046875 0.28291015625 0.15029296875 0.2060546875
7 0.5625488281250001 0.366748046875 0.11708984375 0.15673828125
1 0.5974609375 0.36572265625 0.03125 0.058203125
7 0.700341796875 0.31230468749999996 0.13291015625 0.219921875
7 0.6568359375 0.476708984375 0.184765625 0.30986328125
7 0.84140625 0.453076171875 0.2353515625 0.35849609375
1 0.466455078125 0.731494140625 0.32568359375 0.43388671875
1 0.476416015625 0.6863769531249999 0.26982421875 0.36611328125
7 0.774560546875 0.63955078125 0.13388671875 0.1521484375
7 0.5731933593749999 0.27939453125 0.08134765625 0.21953125
1 0.324658203125 0.23066406250000002 0.09228515625 0.0552734375
