7 0.949072265625 0.42543945312500003 0.10146484375 0.27744140625
1 0.833984375 0.711181640625 0.1986328125 0.39716796875
6 0.5144531250000001 0.44511718749999996 0.1361328125 0.2189453125
7 0.68681640625 0.348046875 0.26640625 0.3224609375
1 0.853564453125 0.613232421875 0.19267578125 0.30322265625
1 0.8218261718750001 0.7066894531250001 0.03896484375 0.07998046875
1 0.796435546875 0.686865234375 0.03740234375 0.05419921875
1 0.8539062500000001 0.69248046875 0.058984375 0.123046875
1 0.880029296875 0.6681640624999999 0.02451171875 0.077734375
1 0.883251953125 0.676220703125 0.07412109375 0.16201171875
1 0.90048828125 0.637744140625 0.0203125 0.07177734375
1 0.89189453125 0.68056640625 0.0615234375 0.126953125
1 0.891455078125 0.683203125 0.07314453125 0.159375
7 0.351416015625 0.360302734375 0.21826171875 0.44208984375
7 0.55107421875 0.47539062499999996 0.1681640625 0.1736328125
7 0.611962890625 0.32783203125000004 0.05283203125 0.055859375
7 0.0767578125 0.5970703125000001 0.153515625 0.3501953125
7 0.1396484375 0.5916015625 0.0828125 0.0859375
7 0.29414062500000004 0.620654296875 0.2693359375 0.41533203125
7 0.04482421875 0.377099609375 0.07734375 0.09951171875
5 0.31972656250000003 0.137353515625 0.0689453125 0.04130859375
5 0.393359375 0.172900390625 0.060546875 0.01982421875
7 0.17470703125 0.3732421875 0.3052734375 0.4064453125
7 0.5564453125 0.766162109375 0.3935546875 0.46689453125
2 0.110595703125 0.7179199218750001 0.04365234375 0.05556640625
7 0.6189453125 0.28251953125 0.0533203125 0.0611328125
1 0.832373046875 0.618505859375 0.16962890625 0.12333984375
5 0.28305664062499997 0.161572265625 0.04287109375 0.03603515625
