5 0.69609375 0.646826171875 0.2224609375 0.26123046875
7 0.571240234375 0.69462890625 0.09345703125 0.2099609375
7 0.503759765625 0.722900390625 0.09775390625 0.18388671875
7 0.499267578125 0.56533203125 0.20185546875 0.1927734375
7 0.389794921875 0.78623046875 0.24482421875 0.426953125
7 0.289697265625 0.474267578125 0.33681640625 0.34130859375
6 0.66396484375 0.300244140625 0.2361328125 0.16865234375
6 0.658935546875 0.24638671875 0.23212890625 0.1044921875
6 0.6494140625 0.19111328125 0.2453125 0.174609375
6 0.642626953125 0.129443359375 0.24052734375 0.11474609375
0 0.62470703125 0.2390625 0.1830078125 0.2876953125
