5 0.8709960937500001 0.7265625 0.257421875 0.5462890625
1 0.21455078125 0.759130859375 0.4291015625 0.48115234375
1 0.661083984375 0.899658203125 0.44814453125 0.20009765625
1 0.574658203125 0.8206542968749999 0.39189453125 0.32509765625
5 0.19477539062500002 0.33564453125 0.33505859375 0.6712890625
5 0.156103515625 0.34375 0.31220703125 0.6875
5 0.12958984375 0.512451171875 0.2591796875 0.39521484375
5 0.053564453125 0.033544921875 0.10712890625 0.06708984375
7 0.5147949218750001 0.5935546875 0.45810546875 0.7572265625
3 0.678466796875 0.6498046875 0.08408203125 0.2314453125
3 0.5110351562500001 0.725341796875 0.1654296875 0.19873046875
3 0.586181640625 0.6810546875 0.16396484375 0.2509765625
3 0.402099609375 0.582177734375 0.14306640625 0.20927734375
3 0.611767578125 0.46640625 0.13271484375 0.223828125
3 0.40107421875 0.3607421875 0.09921875 0.1388671875
3 0.47109375 0.521533203125 0.1435546875 0.20966796875
