7 0.88193359375 0.174169921875 0.0486328125 0.02021484375
5 0.340185546875 0.161083984375 0.05634765625 0.08994140625
1 0.445849609375 0.276025390625 0.06025390625 0.08701171875
7 0.290380859375 0.34091796875 0.27724609375 0.3716796875
5 0.314990234375 0.187890625 0.07138671875 0.04765625
7 0.127734375 0.494091796875 0.25546875 0.38095703125
7 0.149560546875 0.65986328125 0.10908203125 0.3138671875
7 0.7011230468749999 0.3525390625 0.22470703125 0.3048828125
7 0.5504882812499999 0.258935546875 0.0552734375 0.07470703125
7 0.43818359375000004 0.5154296875 0.3953125 0.543359375
7 0.8882324218750001 0.35703125 0.16591796875 0.3654296875
0 0.842822265625 0.186181640625 0.03740234375 0.04033203125
0 0.439990234375 0.31865234375 0.06494140625 0.038671875
