1 0.480712890625 0.587353515625 0.01806640625 0.14619140625
1 0.609765625 0.6739257812499999 0.2443359375 0.355859375
1 0.60107421875 0.36767578125 0.2884765625 0.2962890625
1 0.618896484375 0.106005859375 0.19716796875 0.10087890625
1 0.589404296875 0.17690429687499998 0.31669921875 0.17197265625
1 0.529541015625 0.25732421875 0.06005859375 0.0291015625
1 0.599169921875 0.24819335937499998 0.06103515625 0.03798828125
0 0.58134765625 0.180224609375 0.2896484375 0.09189453125
2 0.720263671875 0.22021484375 0.05107421875 0.075390625
1 0.601806640625 0.567822265625 0.18134765625 0.14287109375
0 0.493701171875 0.551806640625 0.02900390625 0.07841796875
5 0.74814453125 0.766064453125 0.096484375 0.14052734375
1 0.83935546875 0.732470703125 0.2158203125 0.19638671875
1 0.853564453125 0.664990234375 0.22392578125 0.13818359375
0 0.8419433593750001 0.62314453125 0.13271484375 0.073046875
7 0.19804687499999998 0.703173828125 0.258203125 0.43154296875
5 0.212158203125 0.53115234375 0.05634765625 0.0767578125
0 0.875390625 0.5988281249999999 0.050390625 0.0171875
1 0.41962890625000004 0.75400390625 0.169140625 0.3220703125
1 0.44667968750000003 0.664306640625 0.069921875 0.15341796875
