5 0.64384765625 0.48344726562499996 0.0966796875 0.06279296875
0 0.627587890625 0.48876953125 0.04736328125 0.058203125
3 0.668408203125 0.531884765625 0.05458984375 0.04990234375
1 0.81162109375 0.353857421875 0.1193359375 0.11044921875
1 0.435205078125 0.6935058593750001 0.21357421875 0.29697265625
4 0.52529296875 0.72041015625 0.034765625 0.1689453125
0 0.42397460937500003 0.70009765625 0.09345703125 0.0595703125
0 0.48735351562499996 0.6876953124999999 0.04912109375 0.0591796875
1 0.18388671875 0.548095703125 0.2765625 0.27548828125
1 0.192333984375 0.505126953125 0.23291015625 0.11806640625
0 0.17412109374999998 0.437548828125 0.0431640625 0.06748046875
5 0.2435546875 0.5326171875 0.060546875 0.069140625
7 0.362890625 0.4384765625 0.1220703125 0.3154296875
5 0.43310546875 0.34873046875 0.07265625 0.096875
7 0.60078125 0.604833984375 0.1525390625 0.20966796875
1 0.589501953125 0.46279296875000003 0.04365234375 0.098828125
1 0.507275390625 0.375830078125 0.09892578125 0.04599609375
1 0.540283203125 0.41103515625 0.08857421875 0.0892578125
1 0.474560546875 0.40957031250000003 0.11630859375 0.0744140625
7 0.5055664062499999 0.525634765625 0.1763671875 0.27548828125
1 0.8480957031249999 0.4291015625 0.05283203125 0.043359375
7 0.7969238281250001 0.515576171875 0.14736328125 0.17861328125
7 0.73115234375 0.424560546875 0.183984375 0.20498046875
5 0.71318359375 0.634521484375 0.085546875 0.25458984375
7 0.6515625 0.70498046875 0.2013671875 0.2294921875
1 0.915380859375 0.245361328125 0.09521484375 0.22021484375
2 0.7958984375 0.5596679687499999 0.0451171875 0.038671875
5 0.75400390625 0.5749023437499999 0.0421875 0.073046875
1 0.47646484375 0.760888671875 0.055078125 0.06416015625
1 0.491162109375 0.5455078125 0.13271484375 0.21796875
2 0.448876953125 0.5587402343750001 0.04814453125 0.03408203125
5 0.50654296875 0.49814453125 0.0404296875 0.0572265625
0 0.453466796875 0.498046875 0.02998046875 0.0681640625
5 0.44736328124999997 0.545263671875 0.0525390625 0.04033203125
