9 0.484619140625 0.957177734375 0.30986328125 0.08505859375
9 0.112451171875 0.501025390625 0.22490234375 0.55654296875
9 0.042138671875 0.68759765625 0.08427734375 0.1619140625
1 0.921484375 0.196875 0.0453125 0.26484375
1 0.7710449218750001 0.180078125 0.08564453125 0.185546875
9 0.516748046875 0.11806640625 0.55791015625 0.2361328125
1 0.81982421875 0.177197265625 0.03046875 0.19814453125
1 0.8318847656249999 0.176513671875 0.02744140625 0.20166015625
1 0.848046875 0.177978515625 0.038671875 0.20556640625
1 0.8604492187499999 0.177001953125 0.0376953125 0.22001953125
1 0.8873046875 0.178515625 0.0681640625 0.226171875
1 0.880126953125 0.185546875 0.03603515625 0.22421875
1 0.8953125 0.1884765625 0.0439453125 0.2306640625
1 0.90498046875 0.19565429687500002 0.0400390625 0.24501953125
1 0.93720703125 0.197021484375 0.0443359375 0.26611328125
1 0.95009765625 0.196533203125 0.0548828125 0.27158203125
1 0.9636718750000001 0.19580078125 0.0529296875 0.2765625
1 0.974072265625 0.194384765625 0.05126953125 0.28369140625
1 0.9814453125 0.228759765625 0.036328125 0.22099609375
1 0.99267578125 0.30698242187499997 0.0138671875 0.06923828125
9 0.513720703125 0.572509765625 0.77744140625 0.85439453125
