6 0.208642578125 0.246826171875 0.41728515625 0.14091796875
1 0.5169921875 0.56875 0.965234375 0.6919921875
0 0.64619140625 0.788037109375 0.2943359375 0.15302734375
6 0.81962890625 0.39946289062499996 0.36015625 0.25224609375
6 0.6435546875 0.13466796875 0.2189453125 0.251953125
1 0.08515625 0.8779296875 0.1703125 0.2435546875
1 0.105810546875 0.493896484375 0.21162109375 0.38916015625
1 0.5724609375 0.40283203125 0.5873046875 0.2802734375
6 0.50234375 0.510009765625 0.6078125 0.46201171875
7 0.541552734375 0.47939453125000003 0.13330078125 0.0376953125
