1 0.5521484375 0.611279296875 0.793359375 0.65107421875
9 0.9374511718749999 0.445947265625 0.12431640625 0.15771484375
1 0.8697265625 0.48232421875 0.1025390625 0.2314453125
9 0.923486328125 0.170361328125 0.15244140625 0.07685546875
9 0.951904296875 0.234765625 0.09560546875 0.1296875
1 0.843408203125 0.501708984375 0.12138671875 0.20439453125
7 0.5599609375000001 0.3634765625 0.723828125 0.605859375
5 0.37265625 0.21796875000000002 0.269140625 0.1755859375
5 0.59853515625 0.234619140625 0.17265625 0.08974609375
5 0.757421875 0.20654296875 0.1650390625 0.0708984375
7 0.74169921875 0.289599609375 0.34453125 0.18974609375
2 0.44907226562499997 0.188232421875 0.20498046875 0.11259765625
3 0.32607421875000003 0.29482421875 0.0568359375 0.0642578125
3 0.4134765625 0.2880859375 0.155078125 0.1212890625
1 0.765869140625 0.273828125 0.19775390625 0.07890625
5 0.591650390625 0.175341796875 0.23876953125 0.07841796875
9 0.96689453125 0.314208984375 0.0654296875 0.07294921875
9 0.93828125 0.512646484375 0.12265625 0.17958984375
1 0.551611328125 0.3248046875 0.26787109375 0.1212890625
9 0.9652343750000001 0.8085449218749999 0.06875 0.11162109375
1 0.222900390625 0.308251953125 0.04365234375 0.12099609375
