1 0.969287109375 0.6951171875 0.06083984375 0.0513671875
0 0.97001953125 0.41201171875 0.0591796875 0.2470703125
0 0.9242187500000001 0.40302734375000004 0.15078125 0.2912109375
0 0.84521484375 0.686572265625 0.114453125 0.12900390625
0 0.96787109375 0.54111328125 0.0634765625 0.0341796875
7 0.9237304687500001 0.5787109375 0.1517578125 0.0994140625
7 0.97119140625 0.65673828125 0.0568359375 0.0708984375
1 0.681591796875 0.59228515625 0.49541015625 0.5193359375
1 0.452392578125 0.530029296875 0.33134765625 0.53525390625
1 0.441796875 0.49204101562499997 0.191796875 0.24501953125
3 0.8163085937500001 0.33935546875 0.2337890625 0.12421875
1 0.587451171875 0.556640625 0.48779296875 0.4109375
7 0.037548828125 0.988427734375 0.04462890625 0.02255859375
5 0.860302734375 0.333056640625 0.05126953125 0.02880859375
