1 0.27841796875 0.07783203124999999 0.05859375 0.061328125
1 0.21743164062499998 0.22958984375 0.30341796875 0.332421875
1 0.695751953125 0.291064453125 0.60810546875 0.58212890625
1 0.7002929687499999 0.393115234375 0.276953125 0.40771484375
1 0.302197265625 0.13017578125 0.13173828125 0.045703125
1 0.456982421875 0.14794921875 0.18271484375 0.1466796875
1 0.468701171875 0.23134765624999998 0.10068359375 0.1322265625
0 0.340283203125 0.186962890625 0.21005859375 0.15048828125
1 0.033740234375 0.284716796875 0.06748046875 0.14755859375
1 0.079443359375 0.373681640625 0.15888671875 0.25380859375
0 0.34091796875 0.393798828125 0.48828125 0.48837890625
