1 0.5351074218749999 0.6067382812500001 0.19248046875 0.101953125
7 0.9442382812500001 0.841357421875 0.1107421875 0.07763671875
6 0.625439453125 0.5488769531250001 0.34619140625 0.11904296875
1 0.919287109375 0.793115234375 0.06416015625 0.16865234375
1 0.891015625 0.803076171875 0.0935546875 0.17060546875
7 0.2337890625 0.48422851562499997 0.41796875 0.32021484375
1 0.64384765625 0.6212890624999999 0.0701171875 0.04765625
7 0.357763671875 0.666162109375 0.31083984375 0.20927734375
5 0.403271484375 0.689599609375 0.09228515625 0.05380859375
1 0.320947265625 0.55927734375 0.19150390625 0.121484375
1 0.676611328125 0.80517578125 0.41865234375 0.3509765625
5 0.38437499999999997 0.687255859375 0.0935546875 0.05302734375
5 0.378515625 0.649169921875 0.103515625 0.11884765625
5 0.303564453125 0.65078125 0.17724609375 0.106640625
7 0.8989746093750001 0.656005859375 0.16572265625 0.14677734375
7 0.6888671875 0.36469726562500004 0.5271484375 0.40654296875
1 0.7192871093750001 0.697412109375 0.35712890625 0.24951171875
7 0.9682128906249999 0.806103515625 0.06279296875 0.09326171875
1 0.4990234375 0.72841796875 0.08203125 0.0615234375
5 0.79375 0.606591796875 0.0611328125 0.03916015625
5 0.857275390625 0.654296875 0.07705078125 0.0431640625
5 0.912841796875 0.605859375 0.08701171875 0.0708984375
5 0.259912109375 0.6736328125 0.09990234375 0.060546875
1 0.28076171875 0.333251953125 0.2103515625 0.06474609375
