3 0.46328125 0.68828125 0.9265625 0.62265625
0 0.81376953125 0.57060546875 0.3720703125 0.387890625
5 0.6607421875 0.36225585937500004 0.0203125 0.06708984375
5 0.310205078125 0.459130859375 0.39677734375 0.16298828125
0 0.624609375 0.053613281250000006 0.070703125 0.105859375
1 0.7651855468750001 0.622021484375 0.10322265625 0.10517578125
1 0.562939453125 0.645703125 0.12001953125 0.1994140625
1 0.5964843750000001 0.525634765625 0.0853515625 0.11669921875
7 0.852197265625 0.20322265625 0.04462890625 0.098828125
0 0.67587890625 0.0615234375 0.1166015625 0.123046875
7 0.85439453125 0.07822265625 0.0744140625 0.1564453125
7 0.75869140625 0.078515625 0.1279296875 0.1087890625
0 0.799755859375 0.146484375 0.06923828125 0.0443359375
5 0.283642578125 0.603857421875 0.40400390625 0.30224609375
7 0.973876953125 0.337451171875 0.05185546875 0.08896484375
1 0.7580078124999999 0.396826171875 0.4109375 0.54365234375
4 0.926171875 0.195751953125 0.1470703125 0.39150390625
7 0.396484375 0.074755859375 0.440234375 0.14951171875
1 0.102978515625 0.39052734375 0.08583984375 0.027734375
