7 0.31337890625 0.557080078125 0.27109375 0.49306640625
1 0.6240234375 0.5936035156249999 0.402734375 0.43251953125
1 0.799169921875 0.474365234375 0.03095703125 0.17294921875
1 0.6443359375 0.322216796875 0.2802734375 0.25361328125
1 0.505224609375 0.502783203125 0.10419921875 0.18486328125
1 0.793310546875 0.47392578125 0.02900390625 0.166015625
1 0.552978515625 0.551416015625 0.02900390625 0.06845703125
7 0.6440917968750001 0.24638671875 0.15224609375 0.125
1 0.773583984375 0.48227539062499997 0.05107421875 0.12001953125
1 0.63134765625 0.268310546875 0.1728515625 0.09951171875
1 0.6387207031250001 0.41948242187499996 0.24970703125 0.22587890625
7 0.569091796875 0.557666015625 0.02353515625 0.05322265625
6 0.759423828125 0.502685546875 0.03720703125 0.05361328125
6 0.56494140625 0.535595703125 0.0376953125 0.04072265625
6 0.640185546875 0.533740234375 0.09873046875 0.01982421875
1 0.684619140625 0.5403320312500001 0.20810546875 0.02578125
1 0.683544921875 0.560400390625 0.21923828125 0.04267578125
3 0.931591796875 0.5388671875000001 0.13642578125 0.0453125
3 0.922216796875 0.6322265625 0.15498046875 0.04296875
0 0.62802734375 0.59033203125 0.3537109375 0.0595703125
