1 0.963330078125 0.1009765625 0.07275390625 0.044140625
1 0.902587890625 0.11362304687500001 0.06181640625 0.01884765625
1 0.60810546875 0.228662109375 0.2400390625 0.13642578125
0 0.27333984375000003 0.04404296875 0.038671875 0.0439453125
1 0.044140625 0.14926757812500002 0.08828125 0.08876953125
1 0.24365234375 0.21840820312499998 0.31875 0.17587890625
1 0.12763671875 0.070703125 0.2552734375 0.14140625
1 0.148974609375 0.11708984374999999 0.29794921875 0.1349609375
1 0.39335937499999996 0.028662109375 0.2576171875 0.05732421875
1 0.403466796875 0.15263671875 0.30419921875 0.2939453125
1 0.48959960937499997 0.14653320312499998 0.37001953125 0.23310546875
1 0.718701171875 0.095751953125 0.56181640625 0.19150390625
1 0.7283691406249999 0.042529296875 0.45009765625 0.08505859375
1 0.7116210937499999 0.021337890625 0.3015625 0.04267578125
1 0.743603515625 0.0078125 0.13662109375 0.015625
1 0.8512207031250001 0.271435546875 0.29697265625 0.31123046875
1 0.982666015625 0.403857421875 0.03408203125 0.07763671875
1 0.476318359375 0.27578125 0.08896484375 0.018359375
1 0.310498046875 0.402783203125 0.21689453125 0.18701171875
1 0.6514648437499999 0.45810546875 0.506640625 0.375
1 0.576611328125 0.50283203125 0.62138671875 0.4015625
1 0.53125 0.471533203125 0.6001953125 0.36064453125
