0 0.291162109375 0.692138671875 0.02958984375 0.05888671875
5 0.749365234375 0.64404296875 0.12275390625 0.0712890625
9 0.30327148437499996 0.2240234375 0.18427734375 0.126171875
9 0.1578125 0.33598632812499996 0.1900390625 0.23896484375
9 0.63876953125 0.4703125 0.721875 0.4541015625
9 0.337744140625 0.109765625 0.30244140625 0.21953125
7 0.708935546875 0.180419921875 0.14228515625 0.11982421875
9 0.179931640625 0.495849609375 0.30771484375 0.52373046875
5 0.9658203125 0.282763671875 0.0677734375 0.08564453125
9 0.561669921875 0.23696289062499998 0.35517578125 0.12314453125
