1 0.732373046875 0.49189453125 0.06103515625 0.0677734375
1 0.82890625 0.6904785156250001 0.11015625 0.04560546875
0 0.800146484375 0.75478515625 0.05458984375 0.0830078125
1 0.888671875 0.775634765625 0.222265625 0.21064453125
6 0.8130859375 0.5669921875 0.190234375 0.26484375
1 0.464013671875 0.507470703125 0.16865234375 0.10810546875
1 0.463623046875 0.5714843749999999 0.15947265625 0.097265625
1 0.65087890625 0.63330078125 0.247265625 0.2890625
1 0.656103515625 0.527099609375 0.12275390625 0.12041015625
1 0.667138671875 0.588623046875 0.13642578125 0.12431640625
1 0.229638671875 0.308154296875 0.20830078125 0.20634765625
7 0.14658203125 0.55537109375 0.2435546875 0.327734375
7 0.297021484375 0.344140625 0.19365234375 0.21796875
1 0.50185546875 0.32255859375 0.048828125 0.153125
6 0.406640625 0.44838867187500003 0.0736328125 0.04560546875
1 0.458935546875 0.418798828125 0.13271484375 0.10947265625
1 0.45014648437500004 0.40488281249999997 0.07587890625 0.0525390625
1 0.4703125 0.39697265625 0.1103515625 0.055859375
7 0.30556640625 0.589306640625 0.1646484375 0.31748046875
7 0.19267578125 0.652587890625 0.137890625 0.29072265625
1 0.45126953124999997 0.688623046875 0.1986328125 0.17294921875
1 0.47109375 0.590234375 0.168359375 0.144140625
1 0.473779296875 0.644482421875 0.14091796875 0.13759765625
1 0.5708496093750001 0.563525390625 0.13466796875 0.29560546875
7 0.695068359375 0.5279296875 0.04287109375 0.0314453125
1 0.650439453125 0.310986328125 0.25517578125 0.34951171875
