7 0.34526367187499996 0.58310546875 0.41767578125 0.31953125
5 0.2533203125 0.501513671875 0.0669921875 0.07294921875
0 0.746484375 0.5334960937500001 0.115234375 0.07265625
5 0.29453125 0.48720703125000003 0.0546875 0.118359375
5 0.32675781249999997 0.499560546875 0.037890625 0.04755859375
0 0.807861328125 0.40986328125 0.03857421875 0.0498046875
0 0.366552734375 0.53916015625 0.12080078125 0.0490234375
1 0.41752929687499996 0.457763671875 0.16181640625 0.17392578125
0 0.46171875 0.485595703125 0.0982421875 0.06396484375
1 0.34941406249999996 0.480224609375 0.05546875 0.06201171875
0 0.5824218750000001 0.008642578125 0.06875 0.01728515625
