0 0.29990234375 0.6791503906249999 0.1626953125 0.09697265625
0 0.44443359375 0.671337890625 0.4794921875 0.13740234375
3 0.46987304687500003 0.2953125 0.19443359375 0.175390625
0 0.17587890625 0.31669921874999996 0.1474609375 0.1130859375
2 0.183544921875 0.667822265625 0.17001953125 0.12275390625
5 0.17026367187500002 0.442333984375 0.16533203125 0.33212890625
2 0.6796875 0.5712890625 0.1755859375 0.148046875
4 0.583154296875 0.48896484375000004 0.08037109375 0.0578125
4 0.6224121093749999 0.5306640625 0.08798828125 0.09453125
4 0.2802734375 0.433154296875 0.0453125 0.08505859375
4 0.8944824218749999 0.4810546875 0.12236328125 0.09296875
4 0.427392578125 0.272216796875 0.08037109375 0.05283203125
4 0.355810546875 0.45 0.08798828125 0.0294921875
4 0.9517578125 0.130126953125 0.0958984375 0.12626953125
