6 0.77314453125 0.488525390625 0.1044921875 0.09619140625
6 0.5631835937499999 0.428369140625 0.222265625 0.19873046875
6 0.418212890625 0.551806640625 0.20869140625 0.14521484375
6 0.29501953125 0.6853515625000001 0.148828125 0.1068359375
6 0.291162109375 0.755810546875 0.17490234375 0.14052734375
7 0.129443359375 0.642529296875 0.25888671875 0.64091796875
6 0.700537109375 0.542041015625 0.21259765625 0.22822265625
6 0.904443359375 0.669921875 0.10517578125 0.0806640625
6 0.59951171875 0.663037109375 0.217578125 0.20302734375
6 0.519189453125 0.63232421875 0.28173828125 0.2328125
6 0.49541015624999996 0.649853515625 0.088671875 0.07607421875
6 0.5 0.57373046875 0.1732421875 0.1130859375
0 0.702197265625 0.561669921875 0.20732421875 0.10615234375
6 0.4115234375 0.478369140625 0.2146484375 0.15380859375
7 0.368359375 0.46953124999999996 0.1216796875 0.1541015625
