1 0.2412109375 0.636962890625 0.05390625 0.04716796875
7 0.55703125 0.547119140625 0.73046875 0.52626953125
1 0.133447265625 0.696728515625 0.26689453125 0.13642578125
1 0.133935546875 0.6836425781250001 0.24931640625 0.12373046875
1 0.13427734375 0.600830078125 0.2685546875 0.06376953125
1 0.107470703125 0.6388671875 0.21494140625 0.0966796875
1 0.138232421875 0.5791015625 0.27646484375 0.075390625
1 0.096875 0.5685546874999999 0.1845703125 0.033984375
1 0.17744140625 0.504541015625 0.096875 0.09794921875
1 0.07392578125 0.550732421875 0.1478515625 0.07021484375
1 0.250634765625 0.47905273437499996 0.15146484375 0.13115234375
1 0.092431640625 0.462451171875 0.18486328125 0.12275390625
1 0.115625 0.40859375 0.051953125 0.0439453125
