1 0.64990234375 0.58544921875 0.0771484375 0.223828125
1 0.5408203125 0.39892578125 0.2427734375 0.28203125
1 0.54287109375 0.381640625 0.0927734375 0.1216796875
1 0.20986328125 0.6908203125 0.21328125 0.2599609375
1 0.28408203125 0.519482421875 0.273046875 0.30751953125
1 0.827880859375 0.494677734375 0.25146484375 0.21494140625
1 0.816455078125 0.32421875 0.31201171875 0.1326171875
1 0.8239257812499999 0.30800781250000003 0.0798828125 0.0591796875
1 0.455615234375 0.7808593749999999 0.28623046875 0.3521484375
1 0.42421875000000003 0.827685546875 0.17734375 0.05419921875
1 0.468505859375 0.79990234375 0.27626953125 0.0892578125
1 0.330419921875 0.7506835937499999 0.01806640625 0.131640625
1 0.362109375 0.7230957031249999 0.06796875 0.14384765625
1 0.50234375 0.6217285156250001 0.26015625 0.36044921875
1 0.43876953125 0.75087890625 0.1791015625 0.14453125
1 0.3158203125 0.357666015625 0.3677734375 0.31845703125
1 0.338037109375 0.16318359375 0.27978515625 0.3263671875
