1 0.653076171875 0.48203125 0.39677734375 0.216015625
1 0.753955078125 0.34536132812500003 0.25791015625 0.11982421875
0 0.803125 0.308056640625 0.094921875 0.05751953125
1 0.791845703125 0.394921875 0.20927734375 0.216015625
0 0.61376953125 0.412158203125 0.131640625 0.06201171875
1 0.60849609375 0.30615234375 0.373046875 0.14609375
0 0.69921875 0.269921875 0.0419921875 0.033984375
7 0.518994140625 0.22397460937500002 0.32705078125 0.23955078125
7 0.7035644531249999 0.203515625 0.18291015625 0.0955078125
1 0.29765625 0.376708984375 0.248046875 0.20830078125
1 0.523291015625 0.605712890625 0.06845703125 0.11611328125
5 0.428369140625 0.4142578125 0.14384765625 0.1435546875
1 0.283544921875 0.601708984375 0.47919921875 0.26591796875
