7 0.72509765625 0.53271484375 0.2830078125 0.5515625
7 0.5046875 0.626171875 0.2361328125 0.35546875
1 0.27734375 0.5345214843749999 0.17265625 0.04794921875
1 0.271435546875 0.44599609375 0.16787109375 0.11875
1 0.276806640625 0.507275390625 0.16669921875 0.07275390625
1 0.261376953125 0.5322265625 0.11357421875 0.0439453125
1 0.267822265625 0.49458007812500004 0.07587890625 0.04267578125
6 0.73193359375 0.337744140625 0.1984375 0.13388671875
3 0.62568359375 0.471240234375 0.0880859375 0.18056640625
0 0.719482421875 0.360107421875 0.23115234375 0.17587890625
4 0.822607421875 0.647998046875 0.07568359375 0.11474609375
5 0.6388671875 0.5777343749999999 0.0595703125 0.058203125
