1 0.5678222656249999 0.5249511718750001 0.06279296875 0.05654296875
1 0.57548828125 0.529931640625 0.0458984375 0.04462890625
7 0.872607421875 0.7745117187499999 0.25419921875 0.2037109375
6 0.177685546875 0.668603515625 0.26064453125 0.31611328125
1 0.33237304687499997 0.8086425781250001 0.11455078125 0.16298828125
0 0.430322265625 0.877490234375 0.04912109375 0.02080078125
1 0.105517578125 0.604833984375 0.19814453125 0.23876953125
5 0.23427734375 0.82822265625 0.0771484375 0.069140625
1 0.18017578125 0.86396484375 0.3603515625 0.271484375
1 0.48837890625 0.713818359375 0.231640625 0.32900390625
6 0.76669921875 0.83271484375 0.466015625 0.2876953125
0 0.6533203125 0.954736328125 0.04765625 0.04697265625
0 0.6503417968749999 0.9830078125 0.08037109375 0.0333984375
1 0.25947265625 0.529638671875 0.2931640625 0.40048828125
1 0.366552734375 0.43085937500000004 0.10615234375 0.20234375
6 0.258935546875 0.45058593750000003 0.11552734375 0.1392578125
