7 0.368359375 0.96884765625 0.140234375 0.06171875
7 0.148486328125 0.978759765625 0.29697265625 0.04189453125
7 0.234765625 0.774755859375 0.46953125 0.44990234375
2 0.869189453125 0.626123046875 0.01220703125 0.00517578125
2 0.803759765625 0.5947265625 0.15576171875 0.097265625
7 0.6140625 0.6415039062500001 0.6302734375 0.528515625
6 0.521533203125 0.553662109375 0.68583984375 0.39658203125
6 0.6692871093749999 0.44033203125 0.59990234375 0.40703125
7 0.7113281250000001 0.913916015625 0.5767578125 0.17158203125
0 0.560205078125 0.57177734375 0.47685546875 0.4328125
