1 0.1142578125 0.4330078125 0.228515625 0.26484375
1 0.10502929687500001 0.405029296875 0.16435546875 0.02978515625
1 0.3619140625 0.6837890625 0.36015625 0.21328125
1 0.3953125 0.5189453125 0.51953125 0.315234375
1 0.685205078125 0.67216796875 0.31220703125 0.3427734375
1 0.616552734375 0.5916015625000001 0.15576171875 0.1654296875
1 0.767822265625 0.550634765625 0.16337890625 0.15380859375
2 0.6175292968749999 0.631005859375 0.11142578125 0.10517578125
1 0.7220214843749999 0.629833984375 0.15244140625 0.10986328125
1 0.70869140625 0.6603515625 0.08203125 0.0498046875
0 0.798779296875 0.599560546875 0.08564453125 0.04541015625
1 0.76748046875 0.634765625 0.1130859375 0.0810546875
1 0.4310546875 0.329638671875 0.4560546875 0.27978515625
7 0.47158203125 0.2498046875 0.3048828125 0.279296875
