7 0.534765625 0.51142578125 0.125 0.2470703125
7 0.81748046875 0.1853515625 0.2296875 0.211328125
1 0.7662597656250001 0.501953125 0.35341796875 0.3650390625
1 0.4208984375 0.5933105468750001 0.1736328125 0.14619140625
6 0.726318359375 0.288720703125 0.35341796875 0.35712890625
7 0.41787109375 0.81005859375 0.3060546875 0.379296875
1 0.403466796875 0.4232421875 0.36552734375 0.260546875
7 0.386572265625 0.57705078125 0.18330078125 0.1216796875
1 0.381103515625 0.46396484374999997 0.16591796875 0.0482421875
1 0.39858398437500003 0.441455078125 0.19541015625 0.04365234375
1 0.42573242187500004 0.4083984375 0.24970703125 0.06875
1 0.404150390625 0.30654296875 0.41240234375 0.19375
6 0.375390625 0.18256835937500002 0.2978515625 0.33798828125
1 0.359619140625 0.3181640625 0.18701171875 0.0734375
5 0.42734375 0.702197265625 0.07734375 0.08427734375
7 0.355419921875 0.701171875 0.06748046875 0.0439453125
0 0.38310546875 0.750830078125 0.2408203125 0.07900390625
1 0.36533203124999997 0.835546875 0.15078125 0.1220703125
1 0.2986328125 0.8112304687499999 0.0421875 0.0767578125
0 0.304931640625 0.802587890625 0.06767578125 0.05361328125
1 0.852880859375 0.10927734375 0.29365234375 0.2185546875
1 0.9664062499999999 0.3029296875 0.0533203125 0.092578125
1 0.91005859375 0.26240234375 0.080078125 0.12734375
1 0.8590820312499999 0.40659179687499997 0.1775390625 0.14248046875
1 0.8728515625 0.62451171875 0.2537109375 0.58828125
7 0.892822265625 0.576416015625 0.21376953125 0.48212890625
6 0.68076171875 0.456494140625 0.169140625 0.21201171875
7 0.6423828125000001 0.7046874999999999 0.17109375 0.27578125
0 0.6288574218749999 0.47900390625 0.11337890625 0.2099609375
0 0.6868652343749999 0.538232421875 0.02255859375 0.10087890625
0 0.268798828125 0.775439453125 0.02080078125 0.04228515625
