7 0.24814453125 0.157568359375 0.1064453125 0.21923828125
7 0.27294921875 0.38374023437500004 0.127734375 0.28935546875
7 0.32373046875 0.119677734375 0.054296875 0.07802734375
7 0.3267578125 0.206201171875 0.15546875 0.25498046875
7 0.445703125 0.29145507812500004 0.1701171875 0.27080078125
7 0.43203125 0.62685546875 0.2748046875 0.3826171875
7 0.6552734375 0.585498046875 0.4716796875 0.64716796875
1 0.527587890625 0.38129882812500004 0.04169921875 0.02119140625
1 0.66416015625 0.34873046875 0.0412109375 0.03671875
1 0.544775390625 0.36147460937500003 0.14658203125 0.04501953125
