7 0.439013671875 0.3767578125 0.11279296875 0.1904296875
7 0.45668945312500003 0.36069335937499997 0.06220703125 0.10341796875
7 0.9181152343750001 0.091015625 0.16298828125 0.08828125
6 0.475830078125 0.6608398437499999 0.08466796875 0.0984375
7 0.324951171875 0.462255859375 0.13330078125 0.07138671875
7 0.310009765625 0.506298828125 0.11337890625 0.08857421875
7 0.130615234375 0.45844726562500004 0.26123046875 0.21748046875
7 0.38291015624999997 0.491162109375 0.04765625 0.07412109375
7 0.331298828125 0.562060546875 0.15869140625 0.12998046875
7 0.130615234375 0.612841796875 0.26123046875 0.26142578125
7 0.15458984375 0.510107421875 0.1875 0.13388671875
7 0.270703125 0.61171875 0.2337890625 0.1203125
7 0.218408203125 0.745654296875 0.33037109375 0.29638671875
6 0.46333007812500004 0.514990234375 0.14814453125 0.21650390625
6 0.52578125 0.362939453125 0.101171875 0.13662109375
6 0.553369140625 0.25107421875 0.12666015625 0.109375
7 0.739697265625 0.3482421875 0.51982421875 0.461328125
7 0.706884765625 0.74462890625 0.58564453125 0.4099609375
0 0.3263671875 0.5791015625 0.049609375 0.0283203125
