5 0.4689453125 0.1921875 0.0396484375 0.1263671875
0 0.46513671875 0.26767578125 0.028515625 0.0638671875
1 0.739501953125 0.305908203125 0.52060546875 0.51787109375
1 0.41513671875 0.29697265625 0.1755859375 0.2123046875
5 0.850830078125 0.5803710937500001 0.05927734375 0.11640625
1 0.713037109375 0.80625 0.01787109375 0.0185546875
7 0.9169921875 0.687353515625 0.1654296875 0.42294921875
7 0.75927734375 0.686865234375 0.203125 0.42724609375
5 0.509326171875 0.423291015625 0.11884765625 0.13955078125
7 0.061669921875 0.593896484375 0.11435546875 0.16533203125
9 0.02255859375 0.835986328125 0.0451171875 0.17587890625
1 0.008447265625 0.74375 0.01689453125 0.0548828125
1 0.330859375 0.608984375 0.591796875 0.7814453125
5 0.74365234375 0.294970703125 0.164453125 0.22548828125
7 0.7560546875 0.402587890625 0.0900390625 0.09619140625
