7 0.54453125 0.159912109375 0.1296875 0.18291015625
1 0.599169921875 0.16630859375 0.09228515625 0.135546875
7 0.702978515625 0.27216796875 0.22001953125 0.2572265625
7 0.7491210937499999 0.459521484375 0.1490234375 0.23447265625
5 0.734619140625 0.41401367187500004 0.02724609375 0.02314453125
5 0.713427734375 0.43696289062500004 0.05380859375 0.04658203125
5 0.70751953125 0.40756835937499997 0.0384765625 0.02080078125
5 0.7669433593749999 0.4421875 0.05478515625 0.05625
7 0.2390625 0.34541015625000004 0.2087890625 0.2662109375
7 0.37202148437500004 0.2724609375 0.22822265625 0.29765625
7 0.532177734375 0.42109375 0.31279296875 0.5095703125
1 0.19658203125 0.66171875 0.171875 0.24140625
7 0.3763671875 0.641845703125 0.3658203125 0.54697265625
1 0.7638671875 0.22119140625 0.064453125 0.0462890625
