6 0.531640625 0.57392578125 0.31328125 0.3806640625
6 0.524267578125 0.51552734375 0.18056640625 0.135546875
1 0.3287109375 0.685498046875 0.320703125 0.35322265625
1 0.307666015625 0.715576171875 0.04189453125 0.03505859375
1 0.250732421875 0.6400390625000001 0.10263671875 0.1927734375
1 0.31005859375 0.599267578125 0.2048828125 0.12900390625
7 0.6634765625 0.188818359375 0.43203125 0.37763671875
0 0.835400390625 0.3458984375 0.04189453125 0.02578125
6 0.617041015625 0.500146484375 0.26787109375 0.09951171875
6 0.65166015625 0.385546875 0.4154296875 0.1693359375
6 0.77431640625 0.583154296875 0.2048828125 0.14912109375
7 0.700244140625 0.049951171875 0.07666015625 0.09990234375
6 0.602001953125 0.29873046875 0.27451171875 0.198046875
1 0.36533203124999997 0.6541015625 0.215234375 0.1435546875
6 0.78193359375 0.470263671875 0.13984375 0.25595703125
0 0.23662109375 0.8424316406250001 0.0595703125 0.05849609375
