1 0.4333984375 0.523291015625 0.159765625 0.16318359375
1 0.418994140625 0.4353515625 0.03173828125 0.0736328125
1 0.43051757812499997 0.45932617187499997 0.01982421875 0.05556640625
1 0.446728515625 0.44404296875 0.02978515625 0.1177734375
1 0.46015625 0.430078125 0.064453125 0.1349609375
0 0.47470703125 0.51513671875 0.0333984375 0.0451171875
1 0.53125 0.570458984375 0.1669921875 0.14931640625
1 0.61572265625 0.6265625 0.34453125 0.2234375
7 0.586865234375 0.6040527343750001 0.08369140625 0.07021484375
7 0.592724609375 0.6005371093749999 0.05126953125 0.03544921875
1 0.780078125 0.893896484375 0.3630859375 0.21181640625
1 0.7044921875 0.820068359375 0.3025390625 0.27802734375
1 0.7325195312499999 0.765625 0.222265625 0.1775390625
1 0.777294921875 0.808251953125 0.10419921875 0.11162109375
1 0.795458984375 0.81865234375 0.04130859375 0.0505859375
1 0.8099609375 0.8144042968749999 0.0439453125 0.08310546875
1 0.808740234375 0.7417480468750001 0.06650390625 0.05732421875
1 0.814453125 0.780224609375 0.0515625 0.08681640625
1 0.911669921875 0.8402832031249999 0.17587890625 0.26591796875
1 0.91982421875 0.7708984375 0.159765625 0.1490234375
6 0.819580078125 0.6816894531250001 0.22783203125 0.03798828125
5 0.7622558593750001 0.656005859375 0.05751953125 0.01533203125
6 0.775439453125 0.62470703125 0.21494140625 0.07734375
1 0.8661132812500001 0.596484375 0.2671875 0.163671875
1 0.9262207031249999 0.6791015625 0.14677734375 0.1607421875
1 0.578857421875 0.494091796875 0.23310546875 0.13095703125
1 0.5708984375 0.452978515625 0.23046875 0.11728515625
1 0.555712890625 0.42607421875 0.42958984375 0.2271484375
0 0.5404785156249999 0.4080078125 0.09091796875 0.0560546875
0 0.7466796875 0.5596191406250001 0.034375 0.05732421875
1 0.6130859375 0.43266601562499996 0.4404296875 0.21259765625
1 0.628271484375 0.414697265625 0.46826171875 0.18349609375
7 0.890576171875 0.391357421875 0.21826171875 0.16669921875
7 0.9091796875 0.48837890625 0.180859375 0.1037109375
6 0.9887207031249999 0.46108398437500003 0.02177734375 0.07490234375
0 0.65615234375 0.49755859375 0.338671875 0.1130859375
7 0.48232421875 0.22353515625 0.1306640625 0.1619140625
7 0.54619140625 0.2537109375 0.310546875 0.2361328125
7 0.43125 0.8298828125 0.29296875 0.2857421875
0 0.6486328125 0.5788085937499999 0.1583984375 0.1150390625
