1 0.81201171875 0.229833984375 0.25 0.27509765625
1 0.809326171875 0.28510742187500004 0.20341796875 0.06220703125
1 0.843017578125 0.22607421875 0.26982421875 0.086328125
1 0.6564453125 0.32578125 0.2001953125 0.282421875
7 0.472705078125 0.330712890625 0.21083984375 0.29501953125
7 0.132568359375 0.313623046875 0.23291015625 0.27744140625
7 0.16220703125 0.43256835937500004 0.3244140625 0.43779296875
7 0.36669921875 0.555908203125 0.247265625 0.34130859375
1 0.05751953125 0.79130859375 0.1150390625 0.3935546875
0 0.038818359375 0.88046875 0.07763671875 0.090234375
1 0.030859375 0.548291015625 0.06171875 0.12099609375
6 0.210546875 0.79619140625 0.3556640625 0.310546875
7 0.03076171875 0.6985351562500001 0.0615234375 0.1927734375
7 0.5747558593750001 0.55849609375 0.19619140625 0.3822265625
1 0.821142578125 0.18408203125 0.26337890625 0.0896484375
0 0.20771484375 0.846435546875 0.3509765625 0.16240234375
7 0.254150390625 0.28916015625 0.04658203125 0.1068359375
