7 0.83916015625 0.819091796875 0.32109375 0.25517578125
1 0.119384765625 0.814013671875 0.23876953125 0.26689453125
1 0.10302734375 0.778173828125 0.2060546875 0.18720703125
1 0.084326171875 0.600341796875 0.16865234375 0.31767578125
6 0.065625 0.51455078125 0.13125 0.144140625
6 0.336962890625 0.7654785156249999 0.24931640625 0.08505859375
6 0.3158203125 0.555322265625 0.631640625 0.31396484375
1 0.40078125 0.6416015625 0.45234375 0.3134765625
1 0.375 0.490478515625 0.338671875 0.19619140625
1 0.441796875 0.4126953125 0.148828125 0.1533203125
1 0.322900390625 0.38408203125 0.20537109375 0.1203125
1 0.38994140625 0.552587890625 0.3181640625 0.14677734375
1 0.540673828125 0.57705078125 0.09658203125 0.2001953125
7 0.055078125 0.49980468749999996 0.11015625 0.14140625
1 0.1984375 0.902783203125 0.1626953125 0.10908203125
6 0.8923828125 0.623681640625 0.2146484375 0.22197265625
0 0.6267578125 0.66953125 0.0611328125 0.137109375
0 0.5865234375 0.45390625 0.043359375 0.0634765625
