7 0.682666015625 0.22236328125 0.34990234375 0.4447265625
1 0.6712890625 0.43681640625 0.1599609375 0.31875
1 0.30219726562500004 0.6554199218750001 0.28349609375 0.36044921875
1 0.32744140625 0.6478515625000001 0.1037109375 0.1283203125
1 0.6813476562499999 0.914306640625 0.04765625 0.01982421875
7 0.216162109375 0.5600097656249999 0.14111328125 0.23447265625
1 0.313916015625 0.504150390625 0.18232421875 0.20341796875
1 0.647900390625 0.8477050781250001 0.20263671875 0.13857421875
1 0.6390625000000001 0.6919921875 0.1654296875 0.1927734375
1 0.9034667968750001 0.84609375 0.08974609375 0.19609375
1 0.795654296875 0.718115234375 0.18349609375 0.44345703125
1 0.7912109375 0.535205078125 0.2123046875 0.24833984375
5 0.657861328125 0.325732421875 0.04638671875 0.05224609375
5 0.70546875 0.333984375 0.0359375 0.0390625
0 0.65810546875 0.2841796875 0.048828125 0.0763671875
0 0.761572265625 0.3046875 0.04638671875 0.0763671875
7 0.4970703125 0.201416015625 0.1845703125 0.24599609375
1 0.378466796875 0.2853515625 0.28525390625 0.3822265625
7 0.5710937500000001 0.288330078125 0.0716796875 0.03837890625
7 0.47124023437499996 0.662841796875 0.14482421875 0.23974609375
7 0.548828125 0.458447265625 0.1498046875 0.30849609375
7 0.47265625 0.483984375 0.0568359375 0.11875
