6 0.3294921875 0.64130859375 0.1857421875 0.1484375
1 0.681591796875 0.6122558593749999 0.04267578125 0.13388671875
1 0.5095703125 0.699560546875 0.18828125 0.19208984375
7 0.541259765625 0.477392578125 0.21455078125 0.29267578125
1 0.631884765625 0.653955078125 0.09619140625 0.18818359375
7 0.17275390625 0.7037597656250001 0.137109375 0.26259765625
7 0.08408203125 0.793310546875 0.05703125 0.08662109375
7 0.08359375 0.912890625 0.1671875 0.1736328125
6 0.31650390625 0.623828125 0.1369140625 0.0896484375
7 0.335595703125 0.434521484375 0.22919921875 0.30556640625
7 0.190576171875 0.377294921875 0.20263671875 0.37099609375
7 0.28706054687500004 0.7658203124999999 0.22392578125 0.260546875
7 0.081494140625 0.40341796874999997 0.16298828125 0.18984375
7 0.1107421875 0.677587890625 0.221484375 0.44248046875
6 0.615087890625 0.568603515625 0.13935546875 0.21064453125
1 0.8628906249999999 0.57939453125 0.273828125 0.355859375
1 0.873095703125 0.487109375 0.25322265625 0.114453125
1 0.829052734375 0.5009765625 0.13916015625 0.0681640625
4 0.2658203125 0.745263671875 0.0505859375 0.04072265625
4 0.287841796875 0.807568359375 0.06474609375 0.14619140625
1 0.50224609375 0.6465332031250001 0.1021484375 0.09658203125
5 0.4962890625 0.68408203125 0.0248046875 0.043359375
2 0.517822265625 0.69462890625 0.05556640625 0.0572265625
