1 0.318896484375 0.5572265625 0.45185546875 0.43125
1 0.299072265625 0.373681640625 0.19541015625 0.29365234375
1 0.67578125 0.64287109375 0.32734375 0.4708984375
1 0.68310546875 0.524609375 0.2158203125 0.21328125
1 0.6828125 0.5676757812500001 0.1701171875 0.12734375
1 0.756591796875 0.591796875 0.03740234375 0.0625
6 0.766845703125 0.39531249999999996 0.33779296875 0.2576171875
6 0.756787109375 0.26953125 0.26806640625 0.1197265625
1 0.9826171875 0.450048828125 0.0341796875 0.19580078125
1 0.964013671875 0.438330078125 0.06201171875 0.14189453125
