7 0.369091796875 0.34443359375 0.05556640625 0.0697265625
7 0.44194335937499996 0.38369140625 0.17158203125 0.1111328125
4 0.43833007812499997 0.40263671875 0.10283203125 0.054296875
7 0.468115234375 0.5621582031250001 0.36474609375 0.33212890625
0 0.339306640625 0.45258789062500004 0.00927734375 0.04560546875
5 0.495556640625 0.46328125 0.07041015625 0.0873046875
5 0.469775390625 0.49550781250000003 0.10615234375 0.0412109375
5 0.403125 0.44741210937500003 0.0958984375 0.13193359375
7 0.519873046875 0.16044921875 0.07802734375 0.1845703125
0 0.127197265625 0.159375 0.04267578125 0.012109375
0 0.041699218749999996 0.6261230468750001 0.0701171875 0.07119140625
0 0.104833984375 0.572412109375 0.04560546875 0.01240234375
