6 0.499853515625 0.47333984375 0.99970703125 0.9466796875
4 0.35595703125 0.8861328125 0.2490234375 0.2271484375
4 0.508740234375 0.251416015625 0.12333984375 0.11982421875
4 0.533544921875 0.20888671874999998 0.14912109375 0.1984375
4 0.37451171875 0.324658203125 0.0552734375 0.05556640625
4 0.740087890625 0.366455078125 0.05556640625 0.03251953125
4 0.245751953125 0.39052734375 0.14619140625 0.1287109375
4 0.4095703125 0.2845703125 0.28203125 0.1267578125
4 0.684814453125 0.2759765625 0.37763671875 0.26484375
4 0.619384765625 0.45522460937500003 0.44638671875 0.17880859375
4 0.31015625 0.365478515625 0.1732421875 0.16689453125
4 0.475732421875 0.367138671875 0.48447265625 0.14755859375
4 0.149267578125 0.493212890625 0.18349609375 0.20908203125
4 0.5140625 0.714892578125 0.4236328125 0.16943359375
4 0.262841796875 0.478662109375 0.31279296875 0.20439453125
1 0.852880859375 0.5159667968749999 0.29365234375 0.35537109375
4 0.555029296875 0.5377929687499999 0.36337890625 0.0826171875
4 0.600341796875 0.68837890625 0.39521484375 0.11484375
4 0.14033203125 0.605029296875 0.271484375 0.35986328125
4 0.379150390625 0.7953125000000001 0.42490234375 0.269140625
4 0.503125 0.6166503906249999 0.526171875 0.12724609375
4 0.4171875 0.46162109375000004 0.4970703125 0.1296875
4 0.399755859375 0.741357421875 0.48212890625 0.29462890625
3 0.897998046875 0.509033203125 0.20341796875 0.12470703125
0 0.903125 0.231640625 0.1931640625 0.1830078125
6 0.181396484375 0.747119140625 0.36279296875 0.50517578125
