6 0.954833984375 0.77197265625 0.08974609375 0.323046875
6 0.893212890625 0.8111328125 0.12724609375 0.376953125
6 0.84521484375 0.8100097656249999 0.0595703125 0.33427734375
6 0.750537109375 0.8255859375000001 0.17314453125 0.3482421875
6 0.573974609375 0.806884765625 0.20556640625 0.27509765625
6 0.395703125 0.8652832031250001 0.179296875 0.16572265625
6 0.24853515625 0.7723632812500001 0.1572265625 0.3158203125
6 0.968408203125 0.48574218750000003 0.06279296875 0.2486328125
6 0.886962890625 0.5021484375 0.14091796875 0.28671875
6 0.79599609375 0.514404296875 0.059765625 0.29931640625
6 0.681298828125 0.5248046875 0.19150390625 0.3048828125
6 0.535498046875 0.575830078125 0.16123046875 0.28798828125
6 0.361962890625 0.638232421875 0.26513671875 0.35380859375
6 0.97548828125 0.187841796875 0.0486328125 0.37568359375
6 0.9127441406250001 0.20966796875 0.14736328125 0.4193359375
6 0.768408203125 0.194091796875 0.20439453125 0.38818359375
6 0.489599609375 0.2380859375 0.37353515625 0.476171875
6 0.229931640625 0.25859375 0.31103515625 0.5171875
0 0.897216796875 0.527001953125 0.04443359375 0.23447265625
0 0.97763671875 0.753466796875 0.044140625 0.24638671875
0 0.7852539062499999 0.515234375 0.0357421875 0.3029296875
0 0.5126953125 0.921337890625 0.034765625 0.05029296875
0 0.360400390625 0.870556640625 0.06943359375 0.14912109375
0 0.24174804687499998 0.676904296875 0.05732421875 0.02646484375
0 0.2330078125 0.660888671875 0.0423828125 0.30986328125
