6 0.706005859375 0.84619140625 0.09853515625 0.0505859375
6 0.168994140625 0.86982421875 0.33798828125 0.2599609375
6 0.6994140625 0.794140625 0.06484375 0.0625
6 0.830419921875 0.7154296875 0.22822265625 0.107421875
6 0.844775390625 0.672607421875 0.22587890625 0.13291015625
6 0.8233886718750001 0.606640625 0.25400390625 0.117578125
6 0.82607421875 0.553955078125 0.226171875 0.08955078125
6 0.8037109375 0.49443359375 0.346875 0.0890625
6 0.69697265625 0.423095703125 0.5982421875 0.11357421875
6 0.651318359375 0.360888671875 0.69677734375 0.11708984375
6 0.658935546875 0.3033203125 0.68154296875 0.097265625
6 0.6447265625 0.217529296875 0.5572265625 0.05458984375
6 0.6683105468749999 0.25576171875 0.55556640625 0.0486328125
6 0.6417480468750001 0.179345703125 0.60947265625 0.06005859375
6 0.658740234375 0.0853515625 0.59521484375 0.11015625
6 0.647021484375 0.13583984375 0.63193359375 0.0890625
6 0.336328125 0.86044921875 0.67265625 0.278515625
6 0.3341796875 0.840576171875 0.668359375 0.31845703125
6 0.327734375 0.7923828125 0.65546875 0.3244140625
6 0.36591796875 0.75283203125 0.7232421875 0.3078125
6 0.3705078125 0.7041503906250001 0.7318359375 0.29462890625
6 0.3716796875 0.648095703125 0.74140625 0.27978515625
6 0.360791015625 0.571142578125 0.72158203125 0.23408203125
6 0.369677734375 0.51923828125 0.69775390625 0.1931640625
0 0.502490234375 0.218798828125 0.14912109375 0.23564453125
7 0.21728515625 0.389599609375 0.4345703125 0.18251953125
7 0.5240234375 0.43476562500000004 0.4064453125 0.20234375
7 0.951904296875 0.685400390625 0.09560546875 0.07216796875
7 0.85419921875 0.841845703125 0.291015625 0.31572265625
1 0.736767578125 0.9330078125 0.42392578125 0.1333984375
0 0.562841796875 0.91328125 0.04228515625 0.070703125
5 0.602685546875 0.97548828125 0.08369140625 0.0486328125
