7 0.909716796875 0.788916015625 0.17998046875 0.17861328125
0 0.499853515625 0.353173828125 0.99970703125 0.70634765625
0 0.575390625 0.133837890625 0.1640625 0.15751953125
1 0.16494140625 0.497314453125 0.3095703125 0.15166015625
1 0.49106445312499997 0.33984375 0.32412109375 0.3380859375
7 0.529638671875 0.49663085937499996 0.57431640625 0.67470703125
1 0.070458984375 0.37861328125 0.10791015625 0.166015625
0 0.078564453125 0.36469726562500004 0.11083984375 0.08271484375
0 0.01259765625 0.40278320312500004 0.0251953125 0.35068359375
0 0.204443359375 0.82119140625 0.40888671875 0.3572265625
0 0.823046875 0.91015625 0.3533203125 0.179296875
