1 0.7073242187500001 0.69541015625 0.231640625 0.2638671875
1 0.352099609375 0.291357421875 0.13916015625 0.16201171875
0 0.785498046875 0.715966796875 0.14482421875 0.37958984375
1 0.8625 0.730322265625 0.080078125 0.08369140625
1 0.8632324218749999 0.7404296875 0.08408203125 0.0853515625
7 0.7002929687499999 0.39267578125 0.35390625 0.362109375
7 0.50498046875 0.40473632812500004 0.1359375 0.20830078125
5 0.428466796875 0.259228515625 0.05185546875 0.06416015625
1 0.17915039062500002 0.282861328125 0.30283203125 0.30849609375
5 0.126953125 0.259765625 0.0966796875 0.0830078125
5 0.30058593749999996 0.23286132812500002 0.0828125 0.05888671875
0 0.3759765625 0.36591796875000004 0.064453125 0.051953125
