0 0.3775390625 0.083349609375 0.24765625 0.16669921875
7 0.07412109375 0.260302734375 0.1482421875 0.46845703125
7 0.03125 0.12265625 0.0625 0.09375
7 0.045703125 0.07636718749999999 0.0587890625 0.081640625
7 0.072705078125 0.29091796875 0.08330078125 0.13515625
0 0.21450195312499998 0.083349609375 0.03798828125 0.03818359375
1 0.3818359375 0.507763671875 0.0939453125 0.10009765625
7 0.240478515625 0.339453125 0.27080078125 0.42421875
7 0.22841796875 0.264794921875 0.0974609375 0.12041015625
7 0.22465820312499998 0.132373046875 0.05341796875 0.11259765625
7 0.164697265625 0.11591796875 0.08076171875 0.1166015625
7 0.22377929687499998 0.079443359375 0.11416015625 0.15888671875
7 0.9548828125 0.1267578125 0.08984375 0.253515625
1 0.839013671875 0.20146484375 0.13193359375 0.223046875
0 0.8642578125 0.181591796875 0.1091796875 0.12646484375
1 0.903564453125 0.61630859375 0.19248046875 0.766796875
1 0.646044921875 0.42304687500000004 0.52822265625 0.4236328125
1 0.5640136718750001 0.27734375 0.17275390625 0.2080078125
1 0.6438964843749999 0.31630859375 0.29384765625 0.1591796875
0 0.47402343750000003 0.272412109375 0.0666015625 0.30927734375
0 0.6488281250000001 0.46572265625 0.055078125 0.1466796875
1 0.5865234375 0.544287109375 0.3162109375 0.44384765625
