0 0.95947265625 0.35947265624999997 0.08046875 0.1859375
7 0.216845703125 0.627978515625 0.07841796875 0.11455078125
7 0.820166015625 0.6156738281249999 0.35908203125 0.17880859375
7 0.299755859375 0.320703125 0.31708984375 0.34375
1 0.149169921875 0.661376953125 0.11083984375 0.04580078125
7 0.8615234375 0.362060546875 0.2763671875 0.33271484375
7 0.48188476562500004 0.425537109375 0.56455078125 0.59501953125
7 0.5314453124999999 0.1537109375 0.0408203125 0.038671875
9 0.162060546875 0.5996582031250001 0.06650390625 0.04169921875
1 0.139599609375 0.6451171874999999 0.12529296875 0.06796875
