4 0.661865234375 0.494189453125 0.19150390625 0.28896484375
4 0.863525390625 0.500341796875 0.20927734375 0.25322265625
4 0.827685546875 0.62919921875 0.25400390625 0.4375
4 0.97119140625 0.55869140625 0.0568359375 0.0919921875
4 0.57041015625 0.589111328125 0.2228515625 0.41240234375
4 0.93984375 0.7662109375 0.1197265625 0.37421875
4 0.72919921875 0.78017578125 0.3134765625 0.278515625
4 0.45541992187499997 0.66728515625 0.30361328125 0.4962890625
4 0.253662109375 0.740283203125 0.42001953125 0.51884765625
4 0.690966796875 0.931591796875 0.51025390625 0.13642578125
4 0.9759765625000001 0.911376953125 0.047265625 0.17685546875
