9 0.6453125000000001 0.3904296875 0.178125 0.366015625
1 0.37685546875 0.57333984375 0.32578125 0.2259765625
1 0.45751953125 0.55439453125 0.1017578125 0.0607421875
1 0.251953125 0.48344726562499996 0.086328125 0.20830078125
1 0.454833984375 0.447314453125 0.02431640625 0.03525390625
1 0.364794921875 0.38427734375 0.19619140625 0.18515625
1 0.344970703125 0.463525390625 0.14560546875 0.13603515625
1 0.4609375 0.493798828125 0.1310546875 0.06337890625
1 0.394140625 0.4052734375 0.1015625 0.15078125
1 0.49418945312499996 0.28603515625 0.15888671875 0.147265625
1 0.481787109375 0.300244140625 0.13544921875 0.11025390625
1 0.550732421875 0.3779296875 0.19208984375 0.2482421875
1 0.575341796875 0.3103515625 0.05380859375 0.0697265625
1 0.5282226562500001 0.321484375 0.023828125 0.061328125
1 0.52607421875 0.34199218750000004 0.0177734375 0.0294921875
1 0.505126953125 0.31923828125 0.03583984375 0.1142578125
