5 0.895703125 0.77294921875 0.059765625 0.0095703125
5 0.986279296875 0.6079589843750001 0.02705078125 0.07509765625
5 0.986083984375 0.698046875 0.02724609375 0.0615234375
5 0.9361328125 0.6107421875000001 0.0568359375 0.1078125
5 0.923828125 0.7180664062500001 0.1259765625 0.1359375
5 0.054541015625 0.5669921875 0.08974609375 0.07109375
1 0.189501953125 0.6369140625 0.03369140625 0.0443359375
7 0.135498046875 0.55390625 0.11083984375 0.19375
1 0.40190429687499996 0.333349609375 0.16044921875 0.11181640625
7 0.47968750000000004 0.42060546875 0.1046875 0.2724609375
7 0.36787109375 0.442822265625 0.1435546875 0.19580078125
5 0.950732421875 0.824267578125 0.09794921875 0.09619140625
1 0.2349609375 0.544580078125 0.158984375 0.26318359375
1 0.271337890625 0.47275390625 0.03076171875 0.0591796875
1 0.210302734375 0.46538085937499996 0.09423828125 0.08427734375
1 0.251123046875 0.521484375 0.05185546875 0.034375
1 0.245947265625 0.5181640625 0.05732421875 0.0396484375
1 0.24033203125 0.483642578125 0.0654296875 0.07041015625
1 0.20009765625 0.51494140625 0.04609375 0.0595703125
7 0.6439453125 0.3154296875 0.232421875 0.467578125
1 0.690673828125 0.123876953125 0.02626953125 0.05126953125
7 0.724169921875 0.55908203125 0.37744140625 0.3826171875
5 0.9278320312499999 0.613427734375 0.0357421875 0.07470703125
7 0.370751953125 0.643017578125 0.24208984375 0.21728515625
1 0.944091796875 0.815625 0.05283203125 0.0744140625
