6 0.23686523437499998 0.682373046875 0.07783203125 0.16240234375
6 0.4076171875 0.7061523437499999 0.2884765625 0.37265625
6 0.67509765625 0.851806640625 0.2802734375 0.27314453125
1 0.843017578125 0.222216796875 0.03271484375 0.05029296875
0 0.9484374999999999 0.354296875 0.0525390625 0.01953125
7 0.934375 0.46220703124999996 0.1306640625 0.276171875
6 0.726318359375 0.63115234375 0.36728515625 0.461328125
6 0.70712890625 0.416015625 0.29765625 0.3287109375
1 0.728515625 0.1962890625 0.21796875 0.3125
1 0.7419921875000001 0.136865234375 0.0880859375 0.16005859375
1 0.976904296875 0.300537109375 0.04560546875 0.03369140625
1 0.9464843749999999 0.267236328125 0.0369140625 0.03173828125
6 0.38251953125000004 0.496337890625 0.315234375 0.37099609375
5 0.044775390625 0.6605468750000001 0.08955078125 0.2681640625
0 0.6793457031250001 0.8472167968750001 0.28623046875 0.09658203125
0 0.40937500000000004 0.681982421875 0.2830078125 0.21259765625
0 0.382470703125 0.44687499999999997 0.31396484375 0.172265625
