3 0.7457519531250001 0.248486328125 0.28310546875 0.22275390625
3 0.563525390625 0.35751953125 0.27646484375 0.300390625
3 0.465478515625 0.460595703125 0.34228515625 0.33232421875
3 0.26650390625 0.5234375 0.34453125 0.2462890625
3 0.2001953125 0.708984375 0.348828125 0.3896484375
5 0.8102050781250001 0.421484375 0.37900390625 0.2701171875
1 0.62373046875 0.57685546875 0.1283203125 0.0267578125
5 0.75771484375 0.5608398437500001 0.1603515625 0.0736328125
0 0.724853515625 0.586767578125 0.07080078125 0.03369140625
7 0.7913085937500001 0.57685546875 0.0978515625 0.0421875
7 0.578662109375 0.6015136718749999 0.23876953125 0.06669921875
7 0.940673828125 0.4548828125 0.07841796875 0.023828125
1 0.914697265625 0.5193359375 0.17001953125 0.1314453125
1 0.93173828125 0.52060546875 0.1359375 0.1166015625
7 0.27460937500000004 0.9720703125 0.0353515625 0.0552734375
1 0.637939453125 0.782275390625 0.72353515625 0.43505859375
0 0.434716796875 0.819970703125 0.28603515625 0.35966796875
