1 0.029931640625 0.4990234375 0.05986328125 0.998046875
1 0.485595703125 0.9275390625 0.74111328125 0.1443359375
0 0.5036132812499999 0.902490234375 0.1216796875 0.05205078125
1 0.49980468749999996 0.8599609375 0.5916015625 0.080078125
1 0.77548828125 0.0509765625 0.4484375 0.101953125
1 0.34672851562499996 0.04130859375 0.49501953125 0.0826171875
1 0.703515625 0.1068359375 0.4064453125 0.058984375
1 0.8670898437500001 0.823193359375 0.265234375 0.35322265625
1 0.895361328125 0.400830078125 0.20869140625 0.75693359375
1 0.425927734375 0.479931640625 0.82470703125 0.95986328125
1 0.465087890625 0.8087402343750001 0.43291015625 0.12001953125
1 0.683837890625 0.7166015625 0.09189453125 0.0791015625
1 0.746337890625 0.65673828125 0.05087890625 0.1830078125
1 0.775341796875 0.39921874999999996 0.22919921875 0.5642578125
1 0.129296875 0.618408203125 0.25859375 0.69814453125
1 0.24638671875 0.766259765625 0.05625 0.14462890625
1 0.429736328125 0.45625 0.49169921875 0.8935546875
