7 0.2630859375 0.337158203125 0.1583984375 0.14013671875
1 0.45883789062499997 0.543896484375 0.70732421875 0.37451171875
1 0.468603515625 0.50654296875 0.56611328125 0.351953125
1 0.45927734375 0.36689453125 0.359765625 0.1802734375
1 0.11376953125 0.24526367187499998 0.2275390625 0.21181640625
0 0.440966796875 0.697021484375 0.13525390625 0.08310546875
1 0.060009765625 0.382958984375 0.12001953125 0.28916015625
1 0.6448242187500001 0.43095703125 0.1302734375 0.101953125
1 0.494677734375 0.40947265625 0.19775390625 0.095703125
0 0.656103515625 0.5961425781249999 0.07275390625 0.12529296875
