1 0.241259765625 0.44921875 0.18681640625 0.3169921875
1 0.39306640625 0.80986328125 0.762890625 0.3796875
1 0.6853515625 0.798583984375 0.0591796875 0.14931640625
1 0.45415039062499996 0.738671875 0.62001953125 0.2666015625
1 0.452587890625 0.608544921875 0.45009765625 0.36982421875
1 0.580859375 0.47299804687499997 0.528125 0.42861328125
1 0.52783203125 0.39272460937500003 0.4345703125 0.11435546875
1 0.34902343750000003 0.42861328125 0.159765625 0.2103515625
1 0.53759765625 0.502099609375 0.3720703125 0.31865234375
1 0.7041503906250001 0.468505859375 0.21064453125 0.15380859375
0 0.0947265625 0.57802734375 0.189453125 0.4025390625
0 0.2013671875 0.3087890625 0.402734375 0.2123046875
