6 0.7369140625 0.07080078125 0.4375 0.1416015625
1 0.90751953125 0.0685546875 0.1841796875 0.137109375
0 0.546630859375 0.091162109375 0.18720703125 0.11337890625
1 0.8556152343750001 0.2095703125 0.28798828125 0.3779296875
0 0.812353515625 0.4267578125 0.37470703125 0.27109375
5 0.774951171875 0.451904296875 0.17294921875 0.13837890625
5 0.646484375 0.401318359375 0.0734375 0.03076171875
1 0.444580078125 0.32563476562500004 0.25693359375 0.20830078125
7 0.5873535156249999 0.38525390625 0.10849609375 0.137109375
1 0.642333984375 0.2689453125 0.31650390625 0.31171875
1 0.6974609375 0.47382812500000004 0.6044921875 0.2140625
1 0.536865234375 0.178173828125 0.17431640625 0.11435546875
0 0.507958984375 0.2296875 0.13623046875 0.169140625
1 0.670654296875 0.632568359375 0.65810546875 0.57861328125
0 0.40888671875 0.377001953125 0.12265625 0.12744140625
7 0.302734375 0.838134765625 0.60546875 0.32314453125
5 0.342919921875 0.8462890625 0.31416015625 0.06171875
0 0.35419921875000004 0.79580078125 0.3716796875 0.2205078125
