0 0.0658203125 0.379443359375 0.131640625 0.05849609375
0 0.08515625 0.3271484375 0.1703125 0.0966796875
0 0.07060546875 0.254736328125 0.1412109375 0.14287109375
0 0.041845703125 0.18330078125 0.08369140625 0.0654296875
0 0.032421875 0.122802734375 0.06484375 0.09326171875
0 0.016552734375 0.058544921874999996 0.03310546875 0.06748046875
9 0.87841796875 0.807275390625 0.2423828125 0.29072265625
9 0.9318359374999999 0.929541015625 0.135546875 0.14033203125
9 0.49267578125 0.633056640625 0.743359375 0.53642578125
9 0.499853515625 0.430224609375 0.99970703125 0.60693359375
