1 0.57451171875 0.6924316406250001 0.203125 0.29365234375
1 0.574267578125 0.654150390625 0.24130859375 0.37900390625
1 0.599462890625 0.581494140625 0.08037109375 0.14912109375
1 0.572216796875 0.626025390625 0.02431640625 0.03837890625
1 0.5348632812499999 0.6667968750000001 0.0533203125 0.086328125
1 0.5771484375 0.590087890625 0.106640625 0.15380859375
1 0.52978515625 0.4837890625 0.26640625 0.2314453125
1 0.543408203125 0.37255859375 0.11904296875 0.1583984375
1 0.552978515625 0.28046875 0.13466796875 0.097265625
1 0.400244140625 0.276513671875 0.25693359375 0.32939453125
1 0.126220703125 0.558642578125 0.19150390625 0.21591796875
1 0.34423828125 0.63427734375 0.3943359375 0.4775390625
0 0.107421875 0.482421875 0.02578125 0.0396484375
1 0.244677734375 0.4330078125 0.33505859375 0.448046875
0 0.328369140625 0.387451171875 0.03623046875 0.04267578125
1 0.267431640625 0.4265625 0.18076171875 0.25
1 0.22939453125 0.4740234375 0.1423828125 0.0525390625
1 0.23125 0.458154296875 0.137109375 0.03798828125
1 0.266796875 0.45751953125 0.1083984375 0.038671875
1 0.23793945312499998 0.42548828125 0.16787109375 0.043359375
1 0.22666015625 0.41865234375 0.222265625 0.0767578125
