9 0.3876953125 0.239599609375 0.7619140625 0.47919921875
5 0.6132324218749999 0.23955078124999998 0.19365234375 0.13984375
1 0.742431640625 0.5541015625 0.03544921875 0.2060546875
6 0.6703613281249999 0.6648437500000001 0.20537109375 0.137890625
6 0.653271484375 0.7374511718750001 0.19892578125 0.25400390625
0 0.663818359375 0.730615234375 0.20908203125 0.19345703125
7 0.655810546875 0.47138671875000004 0.19150390625 0.38984375
7 0.445556640625 0.4427734375 0.27060546875 0.2109375
7 0.48027343749999996 0.414208984375 0.1857421875 0.26162109375
7 0.47890625 0.667138671875 0.1671875 0.36279296875
3 0.14140625 0.424462890625 0.1388671875 0.14580078125
7 0.256103515625 0.45947265625 0.12177734375 0.1306640625
7 0.158935546875 0.7951171875 0.15771484375 0.21328125
7 0.145556640625 0.613232421875 0.22373046875 0.26748046875
7 0.3134765625 0.717431640625 0.185546875 0.45927734375
7 0.8548828125000001 0.270458984375 0.2896484375 0.35185546875
