1 0.43242187499999996 0.42343749999999997 0.18671875 0.778125
7 0.659130859375 0.733837890625 0.32861328125 0.30556640625
5 0.4228515625 0.3220703125 0.038671875 0.0892578125
7 0.601416015625 0.9180175781250001 0.10517578125 0.13955078125
7 0.2560546875 0.47109375 0.3390625 0.57109375
1 0.412939453125 0.147314453125 0.15771484375 0.13388671875
1 0.75908203125 0.343603515625 0.1912109375 0.31083984375
1 0.43427734375 0.5603515625 0.1205078125 0.2609375
5 0.77802734375 0.37646484375 0.0412109375 0.1087890625
1 0.41279296875 0.614794921875 0.0845703125 0.17001953125
0 0.431396484375 0.62021484375 0.09150390625 0.21328125
0 0.46455078125000004 0.606201171875 0.0451171875 0.01787109375
0 0.466064453125 0.5621582031250001 0.03525390625 0.07802734375
0 0.740576171875 0.925927734375 0.03271484375 0.04892578125
0 0.43266601562499996 0.44477539062500004 0.09892578125 0.10517578125
2 0.4517578125 0.39638671875 0.044921875 0.069140625
7 0.57724609375 0.37119140625 0.4080078125 0.471875
