6 0.061376953125 0.71748046875 0.12275390625 0.1478515625
6 0.54267578125 0.3060546875 0.34375 0.2060546875
6 0.2900390625 0.819921875 0.3767578125 0.2529296875
6 0.70712890625 0.831884765625 0.4751953125 0.33564453125
6 0.846533203125 0.281884765625 0.27978515625 0.28076171875
1 0.39658203125 0.755322265625 0.7931640625 0.36572265625
1 0.23857421875 0.565283203125 0.4771484375 0.39580078125
1 0.346533203125 0.307568359375 0.07392578125 0.13291015625
1 0.808544921875 0.532861328125 0.33486328125 0.31708984375
1 0.542919921875 0.45864257812500003 0.58486328125 0.27841796875
1 0.45537109374999996 0.26201171875 0.29609375 0.2853515625
1 0.10297851562499999 0.42128906250000003 0.16572265625 0.101171875
1 0.14960937500000002 0.37548828125 0.04765625 0.0625
5 0.145703125 0.441845703125 0.116796875 0.07275390625
1 0.03271484375 0.29931640625 0.0654296875 0.140234375
1 0.03125 0.478369140625 0.0625 0.18681640625
9 0.191748046875 0.1357421875 0.06201171875 0.0439453125
